0.8 0.0 332.1429443359375
0.8 0.1 350.6891174316406
0.8 0.2 336.2160949707031
0.8 0.3 322.804443359375
0.8 0.4 316.85821533203125
0.9 0.0 325.9469299316406
0.9 0.1 318.2759704589844
0.9 0.2 322.4580383300781
0.9 0.3 313.8031005859375
0.9 0.4 312.4359436035156
0.95 0.0 323.172119140625
0.95 0.1 319.2245788574219
0.95 0.2 317.7897033691406
0.95 0.3 313.5923156738281
0.95 0.4 311.5505676269531
1.0 0.0 317.15460205078125
1.0 0.1 317.03204345703125
1.0 0.2 312.7391052246094
1.0 0.3 312.5302734375
1.0 0.4 309.9510803222656
1.1 0.0 316.8497619628906
1.1 0.1 313.1304626464844
1.1 0.2 312.2546691894531
1.1 0.3 308.4465026855469
1.1 0.4 308.8040466308594
