0.2 0.0 310.8514709472656
0.2 0.1 310.8836364746094
0.2 0.2 312.9692077636719
0.2 0.3 314.3293762207031
0.2 0.4 315.6892395019531
0.4 0.0 303.9044494628906
0.4 0.1 305.3976135253906
0.4 0.2 304.326171875
0.4 0.3 302.4460144042969
0.4 0.4 302.7862548828125
0.6 0.0 314.3205871582031
0.6 0.1 309.0947265625
0.6 0.2 309.1205749511719
0.6 0.3 305.46087646484375
0.6 0.4 305.0229797363281
0.8 0.0 351.2907409667969
0.8 0.1 343.6564636230469
0.8 0.2 332.69879150390625
0.8 0.3 328.4923095703125
0.8 0.4 320.73968505859375
