0.1 1.5103909290691535
0.2 1.5103909319077806
0.3 1.5103859133422635
0.4 1.5097127965416641
0.5 1.4994261958272121
0.6 1.4597635788346228
0.7 1.3942058183381478
0.8 1.3238994427969921
0.9 1.2678038264257459
1.0 1.278375408630607
1.1 1.2995959965699695
1.2 1.367605572038351
1.3 1.4848642558361373
1.4 1.5930471869973906
1.5 1.7012542560191048
1.6 1.8158862704222933
1.7 1.9158761401075854
1.8 1.9787002658722226
1.9 2.040892191645754
2.0 2.136436545978113
2.1 2.240381620774083
2.2 2.2930546669091987
2.3 2.321413249206082
2.4 2.3834427243725176
2.5 2.480134117405465
2.6 2.5872425864622155
