0.1 700 47.16489979266999
0.2 700 44.74287176369406
0.3 700 39.54460350430693
0.4 700 30.978193330965627
0.5 700 23.40979330752977
0.6 700 22.24163186961784
0.7 700 24.992118061625746
0.8 700 21.054621283516088
0.9 700 16.324392063556054
1.0 700 13.95119322600499
1.1 700 14.025368840026173
1.2 700 13.880711802702727
1.3 700 13.62255289462521
1.4 700 13.62654490856657
1.5 700 13.872417968397851
1.6 700 13.854140015176355
1.7 700 13.89355044368381
1.8 700 13.994951243331252
1.9 700 14.294641746929493
2.0 700 14.34169781816041
2.1 700 14.755205930088652
2.2 700 15.11581049515168
2.3 700 15.770876890817805
2.4 700 16.28306212073625
2.5 700 16.819753120553678
2.6 700 17.308738709578
2.8 700 18.633442752578816
3.0 700 20.747552426590406
3.5 700 25.495018949671003
4.0 700 33.16667039788812
