0.1 400 50.700281847539834
0.2 400 40.805820887025966
0.3 400 39.41370533495986
0.4 400 32.07553958034156
0.5 400 30.067842179183728
0.6 400 27.349475117438566
0.7 400 22.883245578645315
0.8 400 17.744857606161176
0.9 400 20.131399534152315
1.0 400 21.82369804094658
1.1 400 19.588287034158835
1.2 400 23.505686383321493
1.3 400 19.127105724228255
1.4 400 15.046063022540507
1.5 400 12.999077913296443
1.6 400 12.928600095061618
1.7 400 13.007516388150357
1.8 400 12.945867284383857
1.9 400 12.556258502911925
2.0 400 12.172788890763325
2.1 400 11.982992565969163
2.2 400 11.93997388150138
2.3 400 12.238130478159185
2.4 400 12.652288327873128
2.5 400 12.774508029051702
2.6 400 13.080708717760553
2.8 400 13.125851074182657
3.0 400 13.224053441443447
3.5 400 14.706889344530056
4.0 400 19.035659405236157
