0.1 600 8.4161441786507
0.2 600 5.473980753821788
0.3 600 3.839734472766959
0.4 600 3.788897291430864
0.5 600 3.791580012441583
0.6 600 3.8022213256582424
0.7 600 3.54082993961736
0.8 600 3.292843043424273
0.9 600 3.0938143193070617
1.0 600 2.9839803889053234
1.1 600 2.826177182364205
1.2 600 2.60278412994086
1.3 600 2.469853786225045
1.4 600 2.456943346465079
1.5 600 2.5087311544003295
1.6 600 2.541828264517426
1.7 600 2.5633308959312946
1.8 600 2.5745649268348605
1.9 600 2.601596796490409
2.0 600 2.6268628552726736
2.1 600 2.6909301152278293
2.2 600 2.771498499644283
2.3 600 2.8245442088014445
2.4 600 2.912248380014509
2.5 600 2.9597427510550656
2.6 600 2.96582065091773
2.8 600 2.987094596271723
3.0 600 2.967897400780288
3.5 600 3.6205062293951054
4.0 600 5.30372142358958
