0.1 700 8.024880811604541
0.2 700 6.106332424638569
0.3 700 5.334590119972561
0.4 700 5.113535779479749
0.5 700 4.898957213337964
0.6 700 4.782494096936414
0.7 700 4.392664156396096
0.8 700 3.9976768116813997
0.9 700 3.679651480647773
1.0 700 3.45239794035243
1.1 700 3.293671555626235
1.2 700 3.0821494764811224
1.3 700 2.865798514438486
1.4 700 2.725764948514535
1.5 700 2.6443811859943174
1.6 700 2.5946528829827717
1.7 700 2.5722014781612703
1.8 700 2.5483444722299975
1.9 700 2.5447573415664935
2.0 700 2.5632838791495223
2.1 700 2.6028631596321445
2.2 700 2.649921225373441
2.3 700 2.7252460352922876
2.4 700 2.7990137160032846
2.5 700 2.8798087503922267
2.6 700 2.8605003641696065
2.8 700 2.841621600751648
3.0 700 2.8066215799886485
3.5 700 3.3226952840370063
4.0 700 4.804474909925541
