0.1 400 10.895197572111886
0.2 400 6.542774255788874
0.3 400 4.973687300908024
0.4 400 4.550659921107354
0.5 400 4.4430689988625405
0.6 400 4.295610967201415
0.7 400 4.113536524582687
0.8 400 3.870867977065699
0.9 400 3.618045082642764
1.0 400 3.3529453326784004
1.1 400 3.0875775659071927
1.2 400 2.867315860731573
1.3 400 2.7364239026509143
1.4 400 2.694984352587351
1.5 400 2.700727661503447
1.6 400 2.696933968973424
1.7 400 2.682527255286317
1.8 400 2.6714878724913698
1.9 400 2.686208517674605
2.0 400 2.7132490440082107
2.1 400 2.7432654979282844
2.2 400 2.7539263269079464
2.3 400 2.716436912728116
2.4 400 2.66551287267787
2.5 400 2.6535211714850866
2.6 400 2.69415011913463
2.8 400 2.869165949210121
3.0 400 3.120103158188106
3.5 400 4.604873826322703
4.0 400 7.791875983977273
