0.1 600 15.783205379053044
0.2 600 7.4429963871998295
0.3 600 5.40944362118099
0.4 600 4.175203658733361
0.5 600 3.925180039105879
0.6 600 3.7419161323568737
0.7 600 3.64435594048338
0.8 600 3.4202203425966213
0.9 600 3.1304793785188036
1.0 600 2.890682439974414
1.1 600 2.715175750808003
1.2 600 2.5868677414419805
1.3 600 2.4164565151234365
1.4 600 2.265674691035649
1.5 600 2.199925126718052
1.6 600 2.2050091851284592
1.7 600 2.2677890826083567
1.8 600 2.3551103525172485
1.9 600 2.4030728697745145
2.0 600 2.438908101419986
2.1 600 2.4895014076189543
2.2 600 2.5734751247012397
2.3 600 2.6754355792544016
2.4 600 2.795608439156272
2.5 600 2.9313361991288476
2.6 600 2.993640115870988
2.8 600 2.9229788447544283
3.0 600 2.9138242377487615
3.5 600 3.3775885308172717
4.0 600 5.526976474062579
