0.1 700 7.988720762636147
0.2 700 5.971953627254418
0.3 700 5.295938402717097
0.4 700 5.118003695694815
0.5 700 4.894469356369097
0.6 700 4.780775209817468
0.7 700 4.391925621757779
0.8 700 3.9972775906836353
0.9 700 3.679465750857285
1.0 700 3.452315031627536
1.1 700 3.2936316906334184
1.2 700 3.0821310789579597
1.3 700 2.865790713964702
1.4 700 2.7257622622480344
1.5 700 2.6443804569018856
1.6 700 2.594652694438729
1.7 700 2.5722014216244173
1.8 700 2.5483444582882586
1.9 700 2.544757312406967
2.0 700 2.5632839275344717
2.1 700 2.6028631077829907
2.2 700 2.649921155131621
2.3 700 2.7252475719458085
2.4 700 2.7990130345513458
2.5 700 2.8798014566189956
2.6 700 2.8604909512061742
2.8 700 2.8416154747392524
3.0 700 2.8066182591022746
3.5 700 3.3226976721393466
4.0 700 4.804503515049568
