0.1 400 9.61781149123673
0.2 400 6.460282024425092
0.3 400 4.688986431211289
0.4 400 4.07975951814465
0.5 400 3.9401103405626348
0.6 400 3.772552623064536
0.7 400 3.575762521895089
0.8 400 3.420970815227883
0.9 400 3.2657035476270857
1.0 400 3.0329394284795823
1.1 400 2.751105364446176
1.2 400 2.594852630758057
1.3 400 2.559280167281404
1.4 400 2.604708506662321
1.5 400 2.670440559307595
1.6 400 2.687356585453762
1.7 400 2.6929972990205617
1.8 400 2.6527887223271778
1.9 400 2.6495848798141917
2.0 400 2.675444499697921
2.1 400 2.7087053985390117
2.2 400 2.7346466785363344
2.3 400 2.740696182254618
2.4 400 2.725023993238845
2.5 400 2.705251028980427
2.6 400 2.7116907506051304
2.8 400 2.8313762555178763
3.0 400 3.085517627863366
3.5 400 4.612271382254118
4.0 400 7.759158852622836
