0.1 500 9.016334831328269
0.2 500 6.44808697563238
0.3 500 5.71126535394395
0.4 500 5.374704375073905
0.5 500 5.200063116896043
0.6 500 4.923455124141945
0.7 500 4.509208533336977
0.8 500 4.103307043246731
0.9 500 3.765279701276342
1.0 500 3.530913258493593
1.1 500 3.295693346560514
1.2 500 3.068001452970436
1.3 500 2.8707325815790052
1.4 500 2.7334118137212506
1.5 500 2.66533262091515
1.6 500 2.6249861368352394
1.7 500 2.6142127478327293
1.8 500 2.619810331449845
1.9 500 2.636020460521319
2.0 500 2.6575599538768615
2.1 500 2.691383220802414
2.2 500 2.7302102104091817
2.3 500 2.7500023328908303
2.4 500 2.7185517843532856
2.5 500 2.6734751868250295
2.6 500 2.6489932859047736
2.8 500 2.711796532841124
3.0 500 2.8786694174981986
3.5 500 3.822204904424805
4.0 500 6.060273207067548
