0.1 600 8.455201192751208
0.2 600 6.347086097584071
0.3 600 5.492686274112172
0.4 600 5.38029233554365
0.5 600 5.193196429723935
0.6 600 4.94331721133297
0.7 600 4.507628632481123
0.8 600 4.103259167030272
0.9 600 3.7501483479159132
1.0 600 3.51730145408119
1.1 600 3.296849848984164
1.2 600 3.059705903248548
1.3 600 2.8625567348084844
1.4 600 2.7204456179252534
1.5 600 2.636714200347436
1.6 600 2.592949213605142
1.7 600 2.5790157321427305
1.8 600 2.5843479432925536
1.9 600 2.6100325932887567
2.0 600 2.646219530725001
2.1 600 2.684148376261818
2.2 600 2.721577252665237
2.3 600 2.7635879024045766
2.4 600 2.8119462387555463
2.5 600 2.8483013096952603
2.6 600 2.856818384509387
2.8 600 2.8162868397369096
3.0 600 2.829143669651814
3.5 600 3.561247355926968
4.0 600 5.22680263680621
