0.1 700 23.516848275210954
0.2 700 12.058728180753258
0.3 700 8.196249919518348
0.4 700 7.865546854219663
0.5 700 8.64229350851436
0.6 700 8.975975580616451
0.7 700 9.453830245047397
0.8 700 9.406835446926285
0.9 700 9.578302707420569
1.0 700 10.147345377404283
1.1 700 10.81317736783932
1.2 700 11.220164761416141
1.3 700 11.73566655949865
1.4 700 12.14970526580294
1.5 700 12.726865565439548
1.6 700 13.59812661909185
1.7 700 14.347460789178715
1.8 700 14.573950180436333
1.9 700 14.621618911934108
2.0 700 14.72894163070218
2.1 700 12.874962785828346
2.2 700 13.113213622766628
2.3 700 13.460185027892923
2.4 700 13.69436020901036
2.5 700 14.234912098644665
2.6 700 14.74359562479046
2.8 700 16.25152680527634
3.0 700 18.216235899984433
3.5 700 24.96103899945371
4.0 700 39.285098292309385
