0.1 300 10.648761625932005
0.2 300 7.35897929580474
0.3 300 6.390924742046981
0.4 300 6.006473975959438
0.5 300 5.408124564577136
0.6 300 5.21801082728898
0.7 300 4.689338532879739
0.8 300 4.356388462172222
0.9 300 4.029500538633932
1.0 300 3.576913914461509
1.1 300 3.1574929843192856
1.2 300 2.8613244890562153
1.3 300 2.701147485159884
1.4 300 2.6339664387762873
1.5 300 2.59171024494046
1.6 300 2.5663595164612327
1.7 300 2.5688431885687493
1.8 300 2.5893105794580813
1.9 300 2.6059104543509672
2.0 300 2.6382304610302807
2.1 300 2.6441582437715283
2.2 300 2.649683718138392
2.3 300 2.702874824364501
2.4 300 2.80501098182901
2.5 300 2.930767469757163
2.6 300 3.0699588580395254
2.8 300 3.4088622169281795
3.0 300 3.884267691428748
3.5 300 6.453178514242167
4.0 300 9.8686901543404
