0.1 400 17.357265927992884
0.2 400 8.485861914046543
0.3 400 6.388063850260117
0.4 400 4.868513687294166
0.5 400 4.18170698743967
0.6 400 3.9139570010930127
0.7 400 3.6311835436120234
0.8 400 3.339435021822521
0.9 400 3.152314481260877
1.0 400 2.9837907544156095
1.1 400 2.8016028240244246
1.2 400 2.590801633378766
1.3 400 2.4181078079428673
1.4 400 2.2965562844801473
1.5 400 2.2806739187806016
1.6 400 2.3486669280190546
1.7 400 2.4303220502865712
1.8 400 2.457777025309747
1.9 400 2.479492599105116
2.0 400 2.5253461562965898
2.1 400 2.5817037135959167
2.2 400 2.66763924463328
2.3 400 2.737272585791187
2.4 400 2.734421095503022
2.5 400 2.7035348346133903
2.6 400 2.670582996901115
2.8 400 2.708117789597663
3.0 400 2.8721922502844426
3.5 400 4.542295155081934
4.0 400 6.75956248112079
