0.1 700 7.707940243747436
0.2 700 4.8494480376488704
0.3 700 4.096050650169521
0.4 700 4.150459236781776
0.5 700 4.179890798593863
0.6 700 4.183774276134789
0.7 700 4.026493854008273
0.8 700 3.712874605386208
0.9 700 3.4465510754069264
1.0 700 3.2792392140043125
1.1 700 3.1236445774080677
1.2 700 2.9165480726675352
1.3 700 2.7469231070164213
1.4 700 2.6527748908032227
1.5 700 2.601678074184675
1.6 700 2.571228853687741
1.7 700 2.5577857282717282
1.8 700 2.5442125166653233
1.9 700 2.5486160030656118
2.0 700 2.568734084315344
2.1 700 2.6058639176587497
2.2 700 2.650070840301678
2.3 700 2.7258146329724107
2.4 700 2.8012812655954566
2.5 700 2.884931824260525
2.6 700 2.8623786236619586
2.8 700 2.8396197800624217
3.0 700 2.8095171644870827
3.5 700 3.322270257404651
4.0 700 4.802532829802652
