0.1 700 48.61058546412295
0.2 700 40.46697053772451
0.3 700 36.19501080860134
0.4 700 24.566813109598314
0.5 700 20.32596710295002
0.6 700 20.849918604871164
0.7 700 20.01979898250184
0.8 700 15.312719012144504
0.9 700 13.99013943537984
1.0 700 12.456053523159552
1.1 700 12.92547657548642
1.2 700 12.879911562112204
1.3 700 12.858112736755412
1.4 700 12.967332664227069
1.5 700 13.158751190326043
1.6 700 13.050177929672866
1.7 700 13.165349497410046
1.8 700 13.206478728727957
1.9 700 13.578108177372672
2.0 700 13.76156398114935
2.1 700 14.338321685561082
2.2 700 14.777881724646006
2.3 700 15.300196716141796
2.4 700 15.74991356923014
2.5 700 16.105129520957796
2.6 700 16.266360674492947
2.8 700 17.343501287610913
3.0 700 18.767320478965175
3.5 700 23.793321927309417
4.0 700 32.87178534724485
