0.1 400 48.113429633215965
0.2 400 50.09379515305276
0.3 400 36.21839950537966
0.4 400 41.357723359274885
0.5 400 36.761827778177036
0.6 400 29.460748174590204
0.7 400 24.94626307391306
0.8 400 26.094549761173095
0.9 400 28.613838648538753
1.0 400 26.416463625761885
1.1 400 24.620853627513178
1.2 400 21.093875609487018
1.3 400 20.845618311247243
1.4 400 19.893554938946092
1.5 400 19.253043762757855
1.6 400 15.838927108718094
1.7 400 14.601261150058527
1.8 400 14.550833548460965
1.9 400 14.695153604256125
2.0 400 15.064501943854655
2.1 400 15.550152430926381
2.2 400 15.884828152212913
2.3 400 16.572193041878513
2.4 400 17.566782120535066
2.5 400 18.725915356291004
2.6 400 19.928463379269548
2.8 400 22.16189108524492
3.0 400 23.74654357146329
3.5 400 29.320235143363522
4.0 400 35.63337793404833
