0.1 700 8.038936535105172
0.2 700 6.115197622600592
0.3 700 5.335490637004613
0.4 700 5.11368660225862
0.5 700 4.898979582829413
0.6 700 4.782498241596205
0.7 700 4.392665007366008
0.8 700 3.997676976906392
0.9 700 3.6796515090876456
1.0 700 3.4523979452269407
1.1 700 3.2936715564621744
1.2 700 3.0821494768166957
1.3 700 2.8657985147401432
1.4 700 2.725764948739101
1.5 700 2.644381186369193
1.6 700 2.594652883505598
1.7 700 2.5722014715721926
1.8 700 2.54834447129957
1.9 700 2.544757324111503
2.0 700 2.563283847275579
2.1 700 2.602863066525051
2.2 700 2.6499213234474106
2.3 700 2.725246158187815
2.4 700 2.7990137160032846
2.5 700 2.8798087503922267
2.6 700 2.8605003641696065
2.8 700 2.841621600751648
3.0 700 2.8066215799886485
3.5 700 3.3226952840370063
4.0 700 4.804474909925541
