0.1 400 250.91546701111244
0.2 400 105.22679790390094
0.3 400 73.8306858227142
0.4 400 72.56725711631991
0.5 400 73.21210200774497
0.6 400 75.50740844063205
0.7 400 78.96475898692152
0.8 400 86.66781081285838
0.9 400 90.64554604988632
1.0 400 89.36490514116538
1.1 400 91.05976516074337
1.2 400 94.42155531882698
1.3 400 97.0770624217537
1.4 400 101.48574773859849
1.5 400 105.36976831690569
1.6 400 108.87059710820265
1.7 400 112.45608724798015
1.8 400 115.47112353192725
1.9 400 118.63452823000213
2.0 400 122.31330995527941
2.1 400 124.9062387709523
2.2 400 126.44691688974247
2.3 400 128.68656595409806
2.4 400 134.08268064836324
2.5 400 146.06915054188724
2.6 400 160.2840105064044
2.8 400 169.54649188627707
3.0 400 166.91459493791706
3.5 400 232.730964199273
4.0 400 429.6855233691269
