0.1 300 11.080500620151907
0.2 300 7.3615896820374775
0.3 300 5.458587467898316
0.4 300 4.670908108006527
0.5 300 4.210903403795969
0.6 300 3.912935261204535
0.7 300 3.601373587596968
0.8 300 3.4057154749126544
0.9 300 3.2654898147104356
1.0 300 2.9944601202092196
1.1 300 2.743070560138204
1.2 300 2.5712322468283664
1.3 300 2.5287279587782865
1.4 300 2.597992063734224
1.5 300 2.6467430155161953
1.6 300 2.6562635304775855
1.7 300 2.631211627314636
1.8 300 2.6046424649719904
1.9 300 2.5960698367091295
2.0 300 2.6461623321798715
2.1 300 2.704689657121174
2.2 300 2.7497580737645313
2.3 300 2.7778182145792827
2.4 300 2.8171046454168
2.5 300 2.8930301683098114
2.6 300 2.998034209903754
2.8 300 3.315478985376771
3.0 300 3.78998614927424
3.5 300 6.426030969781188
4.0 300 9.837368686927434
