0.1 600 49.886839945420064
0.2 600 42.8593559214019
0.3 600 35.00658916964306
0.4 600 35.830256265970434
0.5 600 30.84632322754527
0.6 600 25.247535722223812
0.7 600 20.84507099205171
0.8 600 21.055602174353986
0.9 600 20.94804751294582
1.0 600 18.805052929100896
1.1 600 13.978370483748124
1.2 600 12.515656966116222
1.3 600 12.837468904041272
1.4 600 12.813557706215237
1.5 600 12.841497767475353
1.6 600 13.040606557615387
1.7 600 13.122558755079243
1.8 600 13.247290025378918
1.9 600 13.438675435237737
2.0 600 13.59410390858281
2.1 600 13.439552222222645
2.2 600 13.455734430865085
2.3 600 13.592979056195771
2.4 600 13.838198027121168
2.5 600 13.973634245776548
2.6 600 14.249049510141601
2.8 600 14.912170242425079
3.0 600 15.231888374844285
3.5 600 15.012719178171256
4.0 600 17.25147754593653
