0.1 500 11.283293552649283
0.2 500 6.467899556231236
0.3 500 4.458378158771507
0.4 500 4.11753623332921
0.5 500 4.043060122976977
0.6 500 4.00192528927888
0.7 500 3.7110790625730323
0.8 500 3.3994017646752397
0.9 500 3.1961252156668998
1.0 500 3.0738603177873305
1.1 500 2.8857287276331887
1.2 500 2.7201378579492324
1.3 500 2.6335040462866135
1.4 500 2.6082860615401935
1.5 500 2.6040477573785457
1.6 500 2.6002063380631517
1.7 500 2.5969443111138215
1.8 500 2.5980767344427425
1.9 500 2.612467481632817
2.0 500 2.6323496352804323
2.1 500 2.655969915924334
2.2 500 2.6873225301910626
2.3 500 2.7070448628747186
2.4 500 2.687314560553998
2.5 500 2.658110947969699
2.6 500 2.6421287614026236
2.8 500 2.6973767642307256
3.0 500 2.8520363629899097
3.5 500 3.8397478017130844
4.0 500 6.059362971944103
