0.1 400 9.780415544624367
0.2 400 6.834406624396239
0.3 400 6.114371327405751
0.4 400 5.616292943513856
0.5 400 5.453914764230731
0.6 400 5.0689843339448295
0.7 400 4.736783458910701
0.8 400 4.333384689647941
0.9 400 4.017227201814009
1.0 400 3.703766418649695
1.1 400 3.359397212847796
1.2 400 3.053877988105538
1.3 400 2.844227806719332
1.4 400 2.7436638829519735
1.5 400 2.7061066202270947
1.6 400 2.6904297501517256
1.7 400 2.6692331301439505
1.8 400 2.659178248957125
1.9 400 2.6770478573310257
2.0 400 2.709383501850168
2.1 400 2.743069955162547
2.2 400 2.751750580028286
2.3 400 2.713484784388115
2.4 400 2.666665747252944
2.5 400 2.6597474445962805
2.6 400 2.7032246888602898
2.8 400 2.8789319056774922
3.0 400 3.1257687851089306
3.5 400 4.608389014391456
4.0 400 7.794827407474523
