0.1 500 46.122729499920304
0.2 500 46.059765901447605
0.3 500 38.45548876884606
0.4 500 37.50475877433547
0.5 500 31.88078222022428
0.6 500 44.71673732897876
0.7 500 26.15362372608999
0.8 500 20.645675889091123
0.9 500 26.414411603258564
1.0 500 22.009447046236378
1.1 500 18.38150778610894
1.2 500 22.454822127383288
1.3 500 17.238845104146208
1.4 500 16.483122785683776
1.5 500 14.289948631538058
1.6 500 13.71343495379868
1.7 500 13.61923785758651
1.8 500 13.739620045705832
1.9 500 13.837129806644828
2.0 500 14.167176628206553
2.1 500 14.733163182197217
2.2 500 15.418747811474713
2.3 500 15.974696052447054
2.4 500 16.523434066491596
2.5 500 17.201307484893153
2.6 500 18.01186762430929
2.8 500 20.129165904769028
3.0 500 22.072526739294585
3.5 500 28.36011783753472
4.0 500 42.37528567333607
