0.1 400 9.80779452044361
0.2 400 6.827618269201264
0.3 400 6.113631905327261
0.4 400 5.61619891009022
0.5 400 5.453902370792636
0.6 400 5.0689813125797
0.7 400 4.736782896909933
0.8 400 4.333384579426325
0.9 400 4.01722718388358
1.0 400 3.7037664159745067
1.1 400 3.359397212315983
1.2 400 3.053877988236135
1.3 400 2.8442278065282838
1.4 400 2.743663882587148
1.5 400 2.7061066219410903
1.6 400 2.6904297495503
1.7 400 2.6692331333187598
1.8 400 2.6591782675251623
1.9 400 2.6770478511257854
2.0 400 2.7093836797273836
2.1 400 2.7430700661359015
2.2 400 2.75175065406657
2.3 400 2.713484811093386
2.4 400 2.666665747252944
2.5 400 2.6597474445962805
2.6 400 2.7032246888602898
2.8 400 2.8789319056774922
3.0 400 3.1257687851089306
3.5 400 4.608389014391456
4.0 400 7.794827407474523
