0.1 300 10.616919572573261
0.2 300 7.373278628509287
0.3 300 5.56860720396398
0.4 300 5.296581683805681
0.5 300 4.714204229628281
0.6 300 4.535486470109785
0.7 300 4.168034034424459
0.8 300 3.9671133356995574
0.9 300 3.7136393091557527
1.0 300 3.3529017961794993
1.1 300 2.9940552072475346
1.2 300 2.7393968030291265
1.3 300 2.6368421653530367
1.4 300 2.6177857627641172
1.5 300 2.60172155224008
1.6 300 2.5887703089724527
1.7 300 2.5871351315821047
1.8 300 2.619796292018145
1.9 300 2.623314486719111
2.0 300 2.649901564322793
2.1 300 2.6523520561311624
2.2 300 2.6509530670121357
2.3 300 2.695804523991618
2.4 300 2.7934044621905354
2.5 300 2.918503271994145
2.6 300 3.0588724589025436
2.8 300 3.4006747614302735
3.0 300 3.8751702956973553
3.5 300 6.447898236061748
4.0 300 9.863421473518303
