0.1 500 40.21486456992157
0.2 500 31.89208043185939
0.3 500 29.82438301735483
0.4 500 25.244121871278416
0.5 500 22.17619297024006
0.6 500 22.144961205754477
0.7 500 19.068940141298143
0.8 500 15.172716339119118
0.9 500 12.49583445354512
1.0 500 11.363324514443114
1.1 500 11.298666822623106
1.2 500 11.493002610798724
1.3 500 11.427910263899806
1.4 500 11.741774240268427
1.5 500 12.351540576671127
1.6 500 12.728229253143464
1.7 500 13.097929448044878
1.8 500 13.265096587500304
1.9 500 13.29831097711172
2.0 500 13.218949903293808
2.1 500 13.192673571422866
2.2 500 13.322934253624808
2.3 500 13.639516461944575
2.4 500 14.110664571447401
2.5 500 14.800329475616605
2.6 500 15.857683251494464
2.8 500 20.00991054076549
3.0 500 24.023565232297297
3.5 500 29.373815589818513
4.0 500 39.68749996620954
