0.1 400 266.02332793788264
0.2 400 105.13657622201612
0.3 400 75.7344954744618
0.4 400 74.5283652244118
0.5 400 75.39905105099596
0.6 400 85.74763775316617
0.7 400 89.60874470332307
0.8 400 92.33854692447825
0.9 400 96.99922606849404
1.0 400 102.17870381729036
1.1 400 107.42875192633535
1.2 400 112.75182890180092
1.3 400 117.02577322257945
1.4 400 121.72077319878639
1.5 400 125.4368936688542
1.6 400 127.17567323609887
1.7 400 133.19156205922135
1.8 400 151.56068362160363
1.9 400 165.19201643968103
2.0 400 167.09938256548514
2.1 400 165.8337776970866
2.2 400 165.83830431193692
2.3 400 173.44602309118315
2.4 400 203.18311033006793
2.5 400 260.4356777779562
2.6 400 326.0513144153836
2.8 400 431.39176936212635
3.0 400 504.06260888353506
3.5 400 628.6450085152047
4.0 400 742.5012714835977
