0.1 500 183.80463009217044
0.2 500 75.85240950639104
0.3 500 74.20799858701768
0.4 500 76.73265531549181
0.5 500 78.76342501548613
0.6 500 87.3597475019231
0.7 500 90.82235864511216
0.8 500 93.36196220365973
0.9 500 96.00352636838335
1.0 500 101.67275779855734
1.1 500 106.61021991877158
1.2 500 111.46868660575785
1.3 500 114.87857117669184
1.4 500 118.45007118595191
1.5 500 122.98269009012202
1.6 500 125.08232496534283
1.7 500 127.66192083747316
1.8 500 140.16867765544362
1.9 500 159.11696649066747
2.0 500 166.68842025924116
2.1 500 166.42624250599354
2.2 500 164.84319021702828
2.3 500 164.44884453006475
2.4 500 168.7711214852348
2.5 500 188.8519629601286
2.6 500 236.75221673707549
2.8 500 360.1188627581424
3.0 500 468.62553774456427
3.5 500 624.8334369985038
4.0 500 740.6712282713902
