0.1 700 41.50545198412628
0.2 700 33.18852466527024
0.3 700 28.31237463261186
0.4 700 21.30177558993263
0.5 700 22.270318422253876
0.6 700 17.77674526353742
0.7 700 12.101914756993578
0.8 700 11.560858576178232
0.9 700 11.879316931682482
1.0 700 11.83230697065301
1.1 700 12.138019057727067
1.2 700 12.53291621616975
1.3 700 12.689550318772213
1.4 700 12.659677352205506
1.5 700 12.727274410576028
1.6 700 12.95081297974148
1.7 700 13.176088569648917
1.8 700 13.623447685851117
1.9 700 14.286239937419811
2.0 700 14.641368081832578
2.1 700 14.069165298825828
2.2 700 13.773428018154874
2.3 700 13.690907514959825
2.4 700 13.85334262755641
2.5 700 14.223495260964341
2.6 700 14.88516540775607
2.8 700 17.38938730625406
3.0 700 20.537334176014383
3.5 700 27.468762871316954
4.0 700 39.16205027461184
