0.1 300 38.86470139773213
0.2 300 33.46974614497067
0.3 300 29.097309011365912
0.4 300 26.72872622235118
0.5 300 22.881233702458367
0.6 300 22.203502217922452
0.7 300 22.534928674258822
0.8 300 22.966135907937346
0.9 300 15.966180208526616
1.0 300 14.506845559545445
1.1 300 12.18017549764975
1.2 300 11.764183943776464
1.3 300 12.916435430277854
1.4 300 13.362861703961265
1.5 300 13.247218051954267
1.6 300 12.516646254876935
1.7 300 12.346392757245575
1.8 300 12.619969531298388
1.9 300 12.406624193633833
2.0 300 12.552705468234224
2.1 300 12.995653807678227
2.2 300 13.64948859025408
2.3 300 14.976213335669021
2.4 300 15.726815797874282
2.5 300 16.334235187784923
2.6 300 16.814112225205193
2.8 300 17.66864460268273
3.0 300 21.231924135241027
3.5 300 28.857190337293986
4.0 300 43.80934962624671
