0.1 500 47.586933856315675
0.2 500 42.455103786266925
0.3 500 38.89050900025706
0.4 500 45.485308849063095
0.5 500 34.91027116410544
0.6 500 27.92724359166705
0.7 500 28.430846856873156
0.8 500 26.41759282570564
0.9 500 23.71274982687184
1.0 500 26.381435733448747
1.1 500 52.11526260378485
1.2 500 20.322328186860773
1.3 500 24.538145098071244
1.4 500 19.78076860485808
1.5 500 15.245475948544236
1.6 500 14.543465955980047
1.7 500 14.14285102723457
1.8 500 14.077820709263158
1.9 500 14.152665169913227
2.0 500 14.195706883256388
2.1 500 14.677486070082923
2.2 500 16.227479634693907
2.3 500 16.698501360645448
2.4 500 17.24385680231445
2.5 500 17.866319933982478
2.6 500 18.676205124273505
2.8 500 20.42959423048596
3.0 500 22.647395361577345
3.5 500 29.57123890702991
4.0 500 41.967001082798
