0.1 600 40.872193858835665
0.2 600 32.26314869818545
0.3 600 33.86939133147792
0.4 600 24.299276209396748
0.5 600 23.016517367594133
0.6 600 21.450322496426644
0.7 600 12.859047540527209
0.8 600 12.454741818181759
0.9 600 12.337809065635167
1.0 600 12.674293011322176
1.1 600 12.648821295073198
1.2 600 12.785084589761993
1.3 600 13.175048032171542
1.4 600 13.362761795774178
1.5 600 13.443891347264255
1.6 600 13.642709327832664
1.7 600 13.88452821167563
1.8 600 14.33215087384736
1.9 600 14.586104407423958
2.0 600 14.488496555051343
2.1 600 14.053379134243798
2.2 600 13.777578135236839
2.3 600 13.868233083880487
2.4 600 14.187169973333441
2.5 600 14.763876214069109
2.6 600 15.418343593573956
2.8 600 17.667008748197517
3.0 600 21.11473206674238
3.5 600 31.948650302122
4.0 600 39.69739363965267
