0.1 700 7.871210822706342
0.2 700 5.455805522939514
0.3 700 4.87553407892334
0.4 700 4.894510693686204
0.5 700 4.757921041550845
0.6 700 4.716470741653965
0.7 700 4.359766402305925
0.8 700 3.9741125336804086
0.9 700 3.6636491301460268
1.0 700 3.441487423252985
1.1 700 3.285432559749593
1.2 700 3.076253263585667
1.3 700 2.861871607203753
1.4 700 2.7234782591711357
1.5 700 2.643319008922707
1.6 700 2.594225080696082
1.7 700 2.5720356011271854
1.8 700 2.5483021936382313
1.9 700 2.5447632975344217
2.0 700 2.56329563967512
2.1 700 2.6028713121395644
2.2 700 2.649922864216491
2.3 700 2.725247578475411
2.4 700 2.799016771085968
2.5 700 2.8798025149901165
2.6 700 2.860499481788989
2.8 700 2.8416222938003854
3.0 700 2.8066139554834395
3.5 700 3.3227129110441314
4.0 700 4.804498326800123
