0.1 700 7.868360230322757
0.2 700 5.0104620411906655
0.3 700 4.384436849896655
0.4 700 4.450871920542998
0.5 700 4.43991052552632
0.6 700 4.446697731452008
0.7 700 4.205888135136927
0.8 700 3.8517493314490183
0.9 700 3.5722288628579917
1.0 700 3.3745531261387027
1.1 700 3.2246816992253198
1.2 700 3.023366258829791
1.3 700 2.8235773606253542
1.4 700 2.6980967502413074
1.5 700 2.6285921671812496
1.6 700 2.5868269935283426
1.7 700 2.568520787301276
1.8 700 2.547568550178639
1.9 700 2.5454740574709125
2.0 700 2.5641504337779826
2.1 700 2.6033844680391063
2.2 700 2.6500031207516246
2.3 700 2.725277721673002
2.4 700 2.799079241791998
2.5 700 2.8800213275781315
2.6 700 2.86048896539084
2.8 700 2.8414889781112995
3.0 700 2.8067594915595335
3.5 700 3.322713467407201
4.0 700 4.804495714286122
