0.1 500 10.740439220693004
0.2 500 6.388025286780766
0.3 500 4.326378373385912
0.4 500 3.7790014949360455
0.5 500 3.7582928534030864
0.6 500 3.682023329122502
0.7 500 3.4562413483136845
0.8 500 3.16250901253147
0.9 500 2.9332052289362007
1.0 500 2.8020999046080766
1.1 500 2.648355120489089
1.2 500 2.47333499527428
1.3 500 2.3864459625147534
1.4 500 2.422914294968184
1.5 500 2.506066470052569
1.6 500 2.571584576144236
1.7 500 2.608466805497174
1.8 500 2.628008124899694
1.9 500 2.6182401315733372
2.0 500 2.6641249713002755
2.1 500 2.716715615332464
2.2 500 2.767550000886009
2.3 500 2.7731694835853182
2.4 500 2.757386829889594
2.5 500 2.7029713882118784
2.6 500 2.7018541968498475
2.8 500 2.7579693277360837
3.0 500 2.8329862073788594
3.5 500 4.020919169769659
4.0 500 6.147562054081709
