0.1 700 14.257771301582315
0.2 700 7.230230226238848
0.3 700 5.368767213292042
0.4 700 4.042410167778219
0.5 700 3.824929913526997
0.6 700 3.7921493347296353
0.7 700 3.8658605742212964
0.8 700 3.8390996237399615
0.9 700 3.791779514261761
1.0 700 3.666108413812861
1.1 700 3.484747783161823
1.2 700 3.3024711006011884
1.3 700 3.1601221783235744
1.4 700 3.004644933609909
1.5 700 2.9465342250177424
1.6 700 2.871045970962142
1.7 700 2.743978028381942
1.8 700 2.616598639832443
1.9 700 2.532517914156485
2.0 700 2.4970485550160375
2.1 700 2.4926657130679004
2.2 700 2.5004498659372953
2.3 700 2.5063376238147934
2.4 700 2.506073678775269
2.5 700 2.5010231104085463
2.6 700 2.49766988890016
2.8 700 2.522393243205632
3.0 700 2.588167876249421
3.5 700 2.8890128930716106
4.0 700 2.8599938082678107
