0.1 600 36.285344266787355
0.2 600 31.9359745133975
0.3 600 21.13580643558485
0.4 600 19.002006510081365
0.5 600 16.66488565655723
0.6 600 12.406996361160626
0.7 600 9.557780721625026
0.8 600 9.505683230354899
0.9 600 9.585392330891649
1.0 600 10.092787132070118
1.1 600 10.84908226610071
1.2 600 11.555661935272152
1.3 600 12.084071879956861
1.4 600 12.104517586777586
1.5 600 12.172664446774665
1.6 600 12.719834876166962
1.7 600 13.286414907921133
1.8 600 13.555315340469877
1.9 600 14.294452552168462
2.0 600 14.642702908381356
2.1 600 12.856406398317562
2.2 600 13.229978814869595
2.3 600 13.757379078416912
2.4 600 14.902344606609088
2.5 600 15.253267910206215
2.6 600 16.128675695581116
2.8 600 17.4146979767145
3.0 600 19.96377668060812
3.5 600 26.285661594187783
4.0 600 39.16312243971441
