0.1 400 114.1448811985346
0.2 400 76.62173469809345
0.3 400 75.2382836878172
0.4 400 76.81059948296902
0.5 400 80.32857343346828
0.6 400 88.07442154832049
0.7 400 89.02008399812202
0.8 400 92.76066729435131
0.9 400 96.4416958924033
1.0 400 102.6373039354466
1.1 400 107.86638350715738
1.2 400 112.91233665370869
1.3 400 117.19123999379894
1.4 400 122.31099955150856
1.5 400 125.5969597098628
1.6 400 128.25232454652416
1.7 400 136.77654896354613
1.8 400 156.64637124576444
1.9 400 168.51185433845473
2.0 400 169.08674903844212
2.1 400 166.91464349436376
2.2 400 166.33971823400015
2.3 400 174.35161887854775
2.4 400 205.86697711136577
2.5 400 264.4243893321626
2.6 400 329.2906467408239
2.8 400 429.6854652374916
3.0 400 499.32807228766194
3.5 400 625.3070679805293
4.0 400 741.0421818078889
