0.1 500 50.36775772224873
0.2 500 42.2634206509717
0.3 500 36.156441834061766
0.4 500 38.99551585228853
0.5 500 27.735421578201507
0.6 500 28.31430620083329
0.7 500 24.616382522989003
0.8 500 20.517861082739667
0.9 500 18.99688081922664
1.0 500 20.74731946259898
1.1 500 17.50181630081419
1.2 500 18.209162732593345
1.3 500 15.236643863473526
1.4 500 13.00533012408836
1.5 500 12.064425286830108
1.6 500 12.502043193956265
1.7 500 12.302488296056996
1.8 500 11.88040651712195
1.9 500 11.932410859901667
2.0 500 11.95181039882189
2.1 500 12.260062422602994
2.2 500 12.267727450605408
2.3 500 12.554476533845591
2.4 500 12.924707038009716
2.5 500 13.189067448937253
2.6 500 13.536598010737455
2.8 500 13.76984969353946
3.0 500 13.917836832683378
3.5 500 15.056924965933582
4.0 500 17.7095500611011
