0.1 600 227.87593824951296
0.2 600 84.3283574555905
0.3 600 73.34993569744056
0.4 600 74.33420279685166
0.5 600 75.0007428700078
0.6 600 76.56255239667381
0.7 600 78.52155000850684
0.8 600 83.10762780700931
0.9 600 87.75647781010602
1.0 600 91.28348248053516
1.1 600 93.57940132783598
1.2 600 95.4397182518546
1.3 600 97.08872359341993
1.4 600 97.71311834390845
1.5 600 101.66765420548253
1.6 600 106.20005501914538
1.7 600 109.90962924093283
1.8 600 112.55750875702617
1.9 600 114.35797973576118
2.0 600 116.17838645188559
2.1 600 118.80680043333592
2.2 600 121.90712955841448
2.3 600 123.96453359214075
2.4 600 124.9135111280871
2.5 600 126.18767943408226
2.6 600 130.75369549772125
2.8 600 152.60448087045864
3.0 600 163.31121404135752
3.5 600 167.33105529849635
4.0 600 294.5555778454415
