0.1 600 138.54058858685002
0.2 600 73.06194895461546
0.3 600 74.32950377714073
0.4 600 76.22704363674626
0.5 600 79.18602249290913
0.6 600 85.84802394335864
0.7 600 91.269581824619
0.8 600 94.49738056972733
0.9 600 96.73125406434227
1.0 600 98.46475929468059
1.1 600 104.96325321699874
1.2 600 110.34254646015725
1.3 600 113.65539442592822
1.4 600 116.17764380769323
1.5 600 120.17014260258452
1.6 600 123.75685794183023
1.7 600 125.14820469172986
1.8 600 128.89694422016112
1.9 600 142.6424417304984
2.0 600 157.57160205823823
2.1 600 163.3112946033477
2.2 600 164.3160363019338
2.3 600 164.41560205989106
2.4 600 165.52576699763281
2.5 600 171.11345881194174
2.6 600 191.4649510863644
2.8 600 294.5555613238736
3.0 600 407.81423344320154
3.5 600 623.1112628349963
4.0 600 740.5519597224124
