0.1 600 10.034709446539217
0.2 600 5.934691493384915
0.3 600 3.9639829104337756
0.4 600 3.729284827167452
0.5 600 3.719777903256776
0.6 600 3.723212614764735
0.7 600 3.5017826246759225
0.8 600 3.230997816197695
0.9 600 3.00794775990507
1.0 600 2.8536520320725822
1.1 600 2.7450481321025126
1.2 600 2.5395803373795593
1.3 600 2.383164656497213
1.4 600 2.3429818664938384
1.5 600 2.3750011686457384
1.6 600 2.4459776755350378
1.7 600 2.4923008352749796
1.8 600 2.5211520278629345
1.9 600 2.539322144602744
2.0 600 2.5737748063659343
2.1 600 2.646375367232754
2.2 600 2.7386035875654406
2.3 600 2.841766993674224
2.4 600 2.8969736196554425
2.5 600 3.0078332643126915
2.6 600 2.99470203909238
2.8 600 2.970694914511767
3.0 600 2.9604416508723816
3.5 600 3.7063410366948366
4.0 600 5.480056285259723
