0.1 500 8.435566088546468
0.2 500 5.662001856852464
0.3 500 4.5011727686599805
0.4 500 4.367986976347209
0.5 500 4.426510627988653
0.6 500 4.352865520988204
0.7 500 4.031710606110432
0.8 500 3.7135023013068627
0.9 500 3.4946602913252036
1.0 500 3.301324310346555
1.1 500 3.0869170969242634
1.2 500 2.9137627459925666
1.3 500 2.7797951001900434
1.4 500 2.6965585871971296
1.5 500 2.6451843449711725
1.6 500 2.623072762183929
1.7 500 2.6161365710181737
1.8 500 2.621760712083386
1.9 500 2.6355866845671114
2.0 500 2.6603880241056013
2.1 500 2.683280053865803
2.2 500 2.7188615147231756
2.3 500 2.740121811307863
2.4 500 2.7134764442423362
2.5 500 2.6711932511342074
2.6 500 2.6470956089092055
2.8 500 2.708084999411186
3.0 500 2.874232913351607
3.5 500 3.8208175208763984
4.0 500 6.059264586252068
