0.1 700 8.008838010435351
0.2 700 5.079894061757775
0.3 700 3.6723442629065333
0.4 700 3.630871820184219
0.5 700 3.665333693633867
0.6 700 3.605638679818702
0.7 700 3.4631996610576388
0.8 700 3.2205810814057467
0.9 700 3.0390634098498737
1.0 700 2.8526996643092413
1.1 700 2.771733280800588
1.2 700 2.6087656004256714
1.3 700 2.46793613084429
1.4 700 2.433763838398334
1.5 700 2.469595494967597
1.6 700 2.527781224223769
1.7 700 2.553887856486776
1.8 700 2.546666397426068
1.9 700 2.5392284435649897
2.0 700 2.5556379299153305
2.1 700 2.620933142591524
2.2 700 2.696879324338346
2.3 700 2.8069205560077095
2.4 700 2.92735277620647
2.5 700 3.0431591730596104
2.6 700 3.0771827976352264
2.8 700 3.0555233073340267
3.0 700 3.0879087283044626
3.5 700 3.3472177955099416
4.0 700 4.913046512281941
