0.1 600 14.82252799806542
0.2 600 7.5455755103637525
0.3 600 5.806752305276543
0.4 600 4.340891570944634
0.5 600 3.9686266095303493
0.6 600 3.982182218268949
0.7 600 4.011982126699063
0.8 600 3.996950706614696
0.9 600 3.964387508128067
1.0 600 3.7434402490199323
1.1 600 3.537256777625347
1.2 600 3.3459876533926196
1.3 600 3.215728670317695
1.4 600 3.135050774783875
1.5 600 3.0517454563236823
1.6 600 2.8931450456269943
1.7 600 2.723675100806572
1.8 600 2.6036888645515766
1.9 600 2.531813135797675
2.0 600 2.49828272937532
2.1 600 2.49191079105303
2.2 600 2.5012753238163303
2.3 600 2.5146594645418388
2.4 600 2.5242070746294
2.5 600 2.531501473297329
2.6 600 2.543142457045118
2.8 600 2.588825775474961
3.0 600 2.6525472546696416
3.5 600 2.8551429413063505
4.0 600 2.8154205074877066
