0.1 300 154.97239291575502
0.2 300 87.89856123682367
0.3 300 81.51598184618554
0.4 300 82.61102495345988
0.5 300 85.58715692081078
0.6 300 86.31424007604808
0.7 300 91.78078923927836
0.8 300 94.65768494491138
0.9 300 99.47891507335642
1.0 300 106.41417745847467
1.1 300 112.00026553131576
1.2 300 116.87423574736955
1.3 300 123.04957547842766
1.4 300 127.85693716966315
1.5 300 134.9063311997049
1.6 300 154.03271754223067
1.7 300 173.70141539900322
1.8 300 176.71501040817742
1.9 300 173.5406568681693
2.0 300 171.11959302684258
2.1 300 176.0805411541423
2.2 300 202.39928908793343
2.3 300 256.2856029052403
2.4 300 318.93724663701846
2.5 300 370.51008046815264
2.6 300 408.70456270367646
2.8 300 463.170973593253
3.0 300 507.71204173408097
3.5 300 625.7121249727694
4.0 300 748.4616693184263
