0.1 500 15.516945084357404
0.2 500 7.887728271031448
0.3 500 6.241112906471785
0.4 500 4.7041334314969045
0.5 500 4.102029482981465
0.6 500 4.079892539882516
0.7 500 4.00031296192207
0.8 500 3.9890156733107216
0.9 500 3.9050814287651447
1.0 500 3.6783485831922027
1.1 500 3.4458246366976972
1.2 500 3.2606828826589793
1.3 500 3.139209360910663
1.4 500 3.0608166878946226
1.5 500 2.9499710222447475
1.6 500 2.814847488425775
1.7 500 2.69755925422511
1.8 500 2.6255999406104755
1.9 500 2.5937273432941192
2.0 500 2.5849748127079994
2.1 500 2.5937143661382955
2.2 500 2.594989291998982
2.3 500 2.5927757852251485
2.4 500 2.594969986074274
2.5 500 2.5958020134996085
2.6 500 2.5988910736114965
2.8 500 2.6193735759717924
3.0 500 2.6530584216207513
3.5 500 2.667990838458311
4.0 500 2.694946249814889
