0.1 300 18.606733779488998
0.2 300 9.896832753852593
0.3 300 7.116234295788189
0.4 300 5.5558427179247385
0.5 300 4.789706386303431
0.6 300 4.347231242579198
0.7 300 3.755565500623013
0.8 300 3.401432020988897
0.9 300 3.0947128962498964
1.0 300 2.998833934868185
1.1 300 2.8149127045768405
1.2 300 2.5505027247279433
1.3 300 2.3229684131764867
1.4 300 2.246911388910879
1.5 300 2.298965024409841
1.6 300 2.392756973287291
1.7 300 2.4351538759508307
1.8 300 2.4480925026634233
1.9 300 2.465869885055835
2.0 300 2.5124978679881194
2.1 300 2.558936842547776
2.2 300 2.592508005993054
2.3 300 2.5860969462168693
2.4 300 2.5700988879747846
2.5 300 2.5859987322024036
2.6 300 2.648691671900356
2.8 300 2.885207643688887
3.0 300 3.3990984836983107
3.5 300 5.603675107238088
4.0 300 8.623640705705016
