0.1 300 23.78311431642494
0.2 300 9.848855767344636
0.3 300 8.94691598703861
0.4 300 7.1578984125778655
0.5 300 7.2495880303195195
0.6 300 6.303237759893985
0.7 300 6.84466630240555
0.8 300 7.83324017625898
0.9 300 8.734652233354055
1.0 300 8.8151016726268
1.1 300 8.768838863387108
1.2 300 8.907142491015689
1.3 300 9.398544822642123
1.4 300 10.119606871835552
1.5 300 10.319099688969384
1.6 300 10.322938527206878
1.7 300 9.85892774566504
1.8 300 9.973724536351053
1.9 300 10.3385467746356
2.0 300 10.621165708388519
2.1 300 11.126817115262496
2.2 300 11.439407697054989
2.3 300 11.775758153283988
2.4 300 12.417393843179033
2.5 300 13.395099782968135
2.6 300 15.788585976014778
2.8 300 23.823082428923932
3.0 300 29.749167608722438
3.5 300 28.10935579700027
4.0 300 41.70207241050657
