0.1 500 16.49636480290599
0.2 500 7.834209303355413
0.3 500 5.867547593739736
0.4 500 4.384507007072093
0.5 500 4.006439139809877
0.6 500 3.7724498433046483
0.7 500 3.5959323166351784
0.8 500 3.337738259177475
0.9 500 3.0075620462129757
1.0 500 2.7825895475293683
1.1 500 2.622297143219703
1.2 500 2.478175872805792
1.3 500 2.3504328893916617
1.4 500 2.2643946384189477
1.5 500 2.254316258128827
1.6 500 2.3192860842107663
1.7 500 2.3817245304115464
1.8 500 2.4387447937117046
1.9 500 2.486844325204357
2.0 500 2.537829078780161
2.1 500 2.610264128686514
2.2 500 2.6613208397760966
2.3 500 2.7277394478407846
2.4 500 2.8026458842495625
2.5 500 2.814858707492822
2.6 500 2.754959554319678
2.8 500 2.7222308831808624
3.0 500 2.791841756214808
3.5 500 3.7249329986615902
4.0 500 5.95876712333514
