0.1 500 238.9067208956427
0.2 500 89.39075584754089
0.3 500 72.57460810339323
0.4 500 72.67598429982961
0.5 500 76.05398436137331
0.6 500 76.35444014458584
0.7 500 78.7392669170223
0.8 500 84.36624933648362
0.9 500 88.81153767812808
1.0 500 90.67128110901398
1.1 500 92.27072875202008
1.2 500 94.08550654297007
1.3 500 95.77907249483246
1.4 500 100.07674775178363
1.5 500 104.18991651336033
1.6 500 107.6273284535955
1.7 500 111.0033007996108
1.8 500 113.67015467693457
1.9 500 115.66797521775456
2.0 500 118.3648246648316
2.1 500 121.73625429997517
2.2 500 124.05616873465401
2.3 500 125.17275733375574
2.4 500 126.7029664616931
2.5 500 132.1264593157147
2.6 500 144.19698007468227
2.8 500 165.1636714336322
3.0 500 166.43763459030083
3.5 500 175.79871758649628
4.0 500 360.12193326818755
