0.1 600 13.16793852615683
0.2 600 8.088648842774392
0.3 600 8.243091837610772
0.4 600 7.148556538448976
0.5 600 8.177435877414021
0.6 600 8.548137242902856
0.7 600 8.76409209275789
0.8 600 8.612403958191294
0.9 600 9.260744944438446
1.0 600 10.30493267587849
1.1 600 10.878202773397343
1.2 600 11.280553648382117
1.3 600 11.429036855547324
1.4 600 11.607540605746166
1.5 600 12.090624492346368
1.6 600 12.586494808767252
1.7 600 12.84650540704434
1.8 600 12.934421504628132
1.9 600 13.082997303353013
2.0 600 13.5024808577262
2.1 600 13.850165885784431
2.2 600 14.21561981673142
2.3 600 13.171248185219088
2.4 600 13.644781036588462
2.5 600 14.262468715246559
2.6 600 14.984420900617634
2.8 600 16.945175601044348
3.0 600 19.098183620446935
3.5 600 25.996919728001558
4.0 600 38.560532896483735
