0.1 300 11.121886940012262
0.2 300 7.357743191741384
0.3 300 5.837341598317746
0.4 300 5.633143179576648
0.5 300 5.0291712632289665
0.6 300 4.87136796141967
0.7 300 4.447870417941713
0.8 300 4.191124119414004
0.9 300 3.9066974382424786
1.0 300 3.5095104748218926
1.1 300 3.0908575923345927
1.2 300 2.8168415651450363
1.3 300 2.677824508354773
1.4 300 2.6264790949026127
1.5 300 2.591930192758082
1.6 300 2.5701342422654143
1.7 300 2.5746424256081895
1.8 300 2.594765264920299
1.9 300 2.609234268688367
2.0 300 2.6403392514430517
2.1 300 2.6453283348551806
2.2 300 2.6498258454800165
2.3 300 2.702173704038827
2.4 300 2.8040118848235194
2.5 300 2.9298440639334475
2.6 300 3.069207838109114
2.8 300 3.408389948753732
3.0 300 3.8838312457254367
3.5 300 6.452994316088209
4.0 300 9.868586193406397
