0.1 600 10.499233995112922
0.2 600 5.982255305518802
0.3 600 4.128480433719549
0.4 600 4.011873461530955
0.5 600 4.03135032276103
0.6 600 4.057699860482004
0.7 600 3.7780106746558824
0.8 600 3.4826188815968115
0.9 600 3.272714416461202
1.0 600 3.1702188966097147
1.1 600 2.9665953257342386
1.2 600 2.7309461658253493
1.3 600 2.5860234472002923
1.4 600 2.5261564743080256
1.5 600 2.5146540651101192
1.6 600 2.5288685801313044
1.7 600 2.540480242765601
1.8 600 2.548480411055905
1.9 600 2.574850887322125
2.0 600 2.6129423851783207
2.1 600 2.6569119362067166
2.2 600 2.69695866916667
2.3 600 2.7493750596885334
2.4 600 2.811204407155526
2.5 600 2.848804982253458
2.6 600 2.847959251861912
2.8 600 2.8126722406517017
3.0 600 2.8252233301776735
3.5 600 3.586547519848649
4.0 600 5.244403750430897
