0.1 600 8.462221033910849
0.2 600 6.339723853489855
0.3 600 5.491862169238116
0.4 600 5.380175445119326
0.5 600 5.193179345158502
0.6 600 4.943312966727759
0.7 600 4.507627852310384
0.8 600 4.103259029387098
0.9 600 3.750148322369852
1.0 600 3.5173014496129675
1.1 600 3.2968498483410404
1.2 600 3.059705903076447
1.3 600 2.8625567345351315
1.4 600 2.7204456189245323
1.5 600 2.6367142004294477
1.6 600 2.592949207573676
1.7 600 2.5790157253237376
1.8 600 2.5843479409853343
1.9 600 2.6100325660737362
2.0 600 2.6462195017337167
2.1 600 2.684148369000968
2.2 600 2.721577329909723
2.3 600 2.763587853127794
2.4 600 2.8119462387555463
2.5 600 2.8483013096952603
2.6 600 2.856818384509387
2.8 600 2.8162868397369096
3.0 600 2.829143669651814
3.5 600 3.561247355926968
4.0 600 5.22680263680621
