0.1 300 266.3861703837662
0.2 300 134.71447752760648
0.3 300 85.05664051875172
0.4 300 76.5099917688885
0.5 300 78.19854184238426
0.6 300 81.51662092750178
0.7 300 84.56010247050598
0.8 300 86.03751777322607
0.9 300 86.91284327818543
1.0 300 91.92266136888551
1.1 300 94.16291055500243
1.2 300 96.10083672379974
1.3 300 100.06696920480981
1.4 300 104.88920751223536
1.5 300 109.54113271080593
1.6 300 112.94932772298694
1.7 300 116.35765391704008
1.8 300 120.45100801074244
1.9 300 124.77724464123749
2.0 300 127.85685636323436
2.1 300 131.94853038024044
2.2 300 140.7280651271142
2.3 300 156.5402204051302
2.4 300 171.20332550277558
2.5 300 176.72564411373736
2.6 300 176.2552454250171
2.8 300 171.69993116484264
3.0 300 176.08046142691902
3.5 300 346.6309777170638
4.0 300 463.1709805410962
