0.1 500 250.14618086653508
0.2 500 94.07123405288762
0.3 500 75.83949341075042
0.4 500 76.82334279134773
0.5 500 77.87856517286875
0.6 500 84.33921840449504
0.7 500 90.07013660344211
0.8 500 92.89497168518356
0.9 500 96.67510590399708
1.0 500 100.82475925572525
1.1 500 106.91330767018465
1.2 500 111.40352389608044
1.3 500 114.91184631297129
1.4 500 118.03691896246306
1.5 500 122.719374592611
1.6 500 125.39082274926082
1.7 500 127.30043964025668
1.8 500 137.3036150501168
1.9 500 155.88248284223502
2.0 500 164.69838050281714
2.1 500 165.36531737541083
2.2 500 164.55400473394445
2.3 500 164.76227346970026
2.4 500 169.1450202241952
2.5 500 188.07688343128672
2.6 500 234.19834501133477
2.8 500 357.95679193963866
3.0 500 470.87511427460913
3.5 500 628.1521693215597
4.0 500 742.1333120759934
