0.1 300 51.70581286448613
0.2 300 37.592616608737245
0.3 300 32.791316055691254
0.4 300 28.30118132711351
0.5 300 26.227879767469556
0.6 300 19.285329298756935
0.7 300 35.701692682288574
0.8 300 17.66886303574172
0.9 300 17.909077896339703
1.0 300 14.977325998385723
1.1 300 14.012145194298995
1.2 300 13.24513721400424
1.3 300 12.602326010628165
1.4 300 12.087731924879925
1.5 300 12.578643262127997
1.6 300 13.03865424112097
1.7 300 13.361346322087035
1.8 300 13.627240538030538
1.9 300 13.869001050840088
2.0 300 14.101724547857039
2.1 300 14.201419369216135
2.2 300 14.479216385590744
2.3 300 14.846366455172793
2.4 300 15.434319638153344
2.5 300 16.20678034480043
2.6 300 17.235599577178565
2.8 300 19.66533765347447
3.0 300 22.922031427502972
3.5 300 26.520324598146512
4.0 300 33.273042359181446
