0.1 700 85.83284963456462
0.2 700 74.14337370217315
0.3 700 74.80294021240786
0.4 700 76.136986098139
0.5 700 78.4193849677966
0.6 700 84.41104523311223
0.7 700 91.02002947798326
0.8 700 95.18908217197851
0.9 700 97.70127328108761
1.0 700 99.85104545719884
1.1 700 104.68536561772116
1.2 700 109.2670652006926
1.3 700 113.12061540796225
1.4 700 115.41768700788987
1.5 700 118.54601547440467
1.6 700 122.64035098130437
1.7 700 124.808733622885
1.8 700 126.79496244500052
1.9 700 136.3970155964623
2.0 700 151.91774652380764
2.1 700 160.71391836793063
2.2 700 163.3809711374868
2.3 700 164.06370956184222
2.4 700 164.9366014210045
2.5 700 167.28517970383515
2.6 700 174.72710835093724
2.8 700 244.6063416218129
3.0 700 349.02141932914367
3.5 700 618.8188494465575
4.0 700 740.5460886984266
