0.1 600 49.04556664095965
0.2 600 40.291968374293454
0.3 600 36.70801797605697
0.4 600 25.47869997217829
0.5 600 21.35995603967
0.6 600 17.064477933269348
0.7 600 20.042558919317063
0.8 600 16.72893958737171
0.9 600 13.338737153058744
1.0 600 12.646021491314546
1.1 600 12.798707677797532
1.2 600 12.660380838711411
1.3 600 12.921793220844066
1.4 600 13.221460130489252
1.5 600 13.293944369837275
1.6 600 13.300176862985106
1.7 600 13.391935663436511
1.8 600 13.749622598681471
1.9 600 14.065567584740727
2.0 600 14.588874153120653
2.1 600 14.923975718672894
2.2 600 15.238408224378862
2.3 600 15.439068965035965
2.4 600 15.563559610117643
2.5 600 15.725276543073711
2.6 600 16.261461556830913
2.8 600 17.58918308140306
3.0 600 19.28384109519933
3.5 600 25.400205871092528
4.0 600 35.11858023762627
