0.1 700 28.431244012629282
0.2 700 30.69265227916524
0.3 700 17.596187722193434
0.4 700 15.151156049781848
0.5 700 9.125797411377242
0.6 700 9.347248876818128
0.7 700 9.440278322221236
0.8 700 9.388010224930577
0.9 700 9.593171652574696
1.0 700 10.104090971233928
1.1 700 10.946283136083839
1.2 700 11.532957126111558
1.3 700 11.871128037787962
1.4 700 12.131389334025656
1.5 700 12.590661086554832
1.6 700 13.389054998267031
1.7 700 14.405465882844704
1.8 700 14.941560464424049
1.9 700 15.017897303449125
2.0 700 15.117609792476198
2.1 700 15.474643484692953
2.2 700 13.443054006885431
2.3 700 13.93838994200363
2.4 700 14.085556968380919
2.5 700 14.642060957117623
2.6 700 15.005970923889855
2.8 700 16.381334510042795
3.0 700 18.323502768811693
3.5 700 25.010362497522095
4.0 700 39.421600319630635
