0.1 500 40.35897845672096
0.2 500 29.49984492717021
0.3 500 27.19204551080499
0.4 500 19.36030285668903
0.5 500 15.319543843595596
0.6 500 18.328075773231976
0.7 500 15.411194407695408
0.8 500 11.999341098806138
0.9 500 10.760329730468474
1.0 500 10.298891631583727
1.1 500 10.581252125255135
1.2 500 10.967651035535484
1.3 500 11.252383942466315
1.4 500 11.699139606704904
1.5 500 12.250189003845605
1.6 500 12.857231492790811
1.7 500 13.031295640700591
1.8 500 13.043686828250317
1.9 500 13.029101474035787
2.0 500 12.914956344499563
2.1 500 12.994548818404663
2.2 500 13.205193803402523
2.3 500 13.643498348662659
2.4 500 14.30238978179217
2.5 500 15.337741616559342
2.6 500 16.900576954685427
2.8 500 19.35371575382986
3.0 500 19.713587315226082
3.5 500 27.327722090643864
4.0 500 42.76863402039995
