0.1 700 48.84932455586893
0.2 700 41.723959741580806
0.3 700 41.717520067091456
0.4 700 34.095207109648605
0.5 700 29.357911009893485
0.6 700 24.252546241372542
0.7 700 27.49603709912389
0.8 700 27.32713049856692
0.9 700 22.053470307009235
1.0 700 18.211440185816496
1.1 700 15.85323228759885
1.2 700 16.245555465192986
1.3 700 15.358265528083637
1.4 700 14.401464826666443
1.5 700 14.312603425975265
1.6 700 14.515797032296721
1.7 700 14.587660304739403
1.8 700 14.68890450799988
1.9 700 14.922328546334157
2.0 700 15.107332587669433
2.1 700 15.214119723485029
2.2 700 15.583602571967784
2.3 700 16.419944477399532
2.4 700 16.67627866083341
2.5 700 17.512326789439562
2.6 700 18.02497407846232
2.8 700 19.149667465953677
3.0 700 20.723395723376704
3.5 700 26.423630417384697
4.0 700 35.057759909146576
