0.1 500 17.597972617799165
0.2 500 9.341859934221718
0.3 500 7.913957425563338
0.4 500 7.325661177141051
0.5 500 7.269040727948307
0.6 500 8.245493513043547
0.7 500 8.33849182602116
0.8 500 8.838328686391906
0.9 500 9.208612921544216
1.0 500 9.600059638457827
1.1 500 10.321761436417358
1.2 500 10.545224944993855
1.3 500 10.806092113569408
1.4 500 11.58078562164589
1.5 500 11.911301057009387
1.6 500 12.247799525600703
1.7 500 12.413170094514129
1.8 500 12.367391429175141
1.9 500 12.303139573023104
2.0 500 12.594554813363475
2.1 500 13.258216301487586
2.2 500 14.068345422362311
2.3 500 15.416003003030767
2.4 500 13.413201313567058
2.5 500 14.01199735490908
2.6 500 14.585353422603093
2.8 500 16.445161863180516
3.0 500 20.829819517533195
3.5 500 31.002160430606203
4.0 500 42.453797770729786
