0.1 500 42.59759707101865
0.2 500 37.59601157594052
0.3 500 34.0736613615705
0.4 500 28.13135792157077
0.5 500 23.72849330249995
0.6 500 18.75104993328363
0.7 500 19.243602353194802
0.8 500 16.836898864091726
0.9 500 14.607205250543194
1.0 500 12.297064653249421
1.1 500 12.336654672668939
1.2 500 11.821788828632183
1.3 500 11.71614574363788
1.4 500 11.897124340214884
1.5 500 12.138742405985806
1.6 500 12.564495500723496
1.7 500 13.124242701326612
1.8 500 13.488811838604358
1.9 500 13.627203676960878
2.0 500 13.709073429810651
2.1 500 13.752501973859948
2.2 500 13.877320175982872
2.3 500 14.175368003510052
2.4 500 14.608646296018565
2.5 500 15.183215008267823
2.6 500 15.699539786306774
2.8 500 17.972279516095035
3.0 500 22.442704828073996
3.5 500 30.917950445153842
4.0 500 37.562141565929444
