0.1 400 43.280784563938845
0.2 400 39.062885485906705
0.3 400 34.9038757499579
0.4 400 26.799202478538398
0.5 400 19.642130473258522
0.6 400 19.761245837439226
0.7 400 18.86849138372916
0.8 400 17.159395242053197
0.9 400 17.698659960262084
1.0 400 13.030581284599151
1.1 400 12.726934004034508
1.2 400 12.975981938497238
1.3 400 12.367370260140225
1.4 400 11.861868457728445
1.5 400 11.801566057785083
1.6 400 12.225815426697872
1.7 400 12.517233972488384
1.8 400 12.70245757149191
1.9 400 12.901430997618814
2.0 400 12.923340214954514
2.1 400 13.002098459879905
2.2 400 13.152316987039145
2.3 400 13.572272934825408
2.4 400 14.233661592211298
2.5 400 14.989041075895189
2.6 400 16.116647363952566
2.8 400 19.392493641608226
3.0 400 22.904744816774084
3.5 400 27.460852601075185
4.0 400 41.7286735738539
