0.1 300 27.36627052485128
0.2 300 27.031597440567868
0.3 300 22.923515900595874
0.4 300 15.65470911233395
0.5 300 11.123259212988252
0.6 300 8.74756665701703
0.7 300 7.779862659243538
0.8 300 7.90647227435584
0.9 300 8.801913559487195
1.0 300 9.407631064229806
1.1 300 9.625128586369117
1.2 300 9.81756830534678
1.3 300 10.02170971086054
1.4 300 10.936480500637566
1.5 300 10.398052955126575
1.6 300 10.29410998168043
1.7 300 9.888961483475457
1.8 300 10.204516212043155
1.9 300 10.561565482339994
2.0 300 10.917882870569233
2.1 300 11.369477614533755
2.2 300 11.800515358912522
2.3 300 12.052471281814674
2.4 300 12.501371823751438
2.5 300 13.207852655695167
2.6 300 15.213484908611068
2.8 300 23.486235912317532
3.0 300 29.72749328467403
3.5 300 28.29549291622228
4.0 300 41.43669982684601
