0.1 300 11.471196487713074
0.2 300 7.680590959417583
0.3 300 6.76572366313673
0.4 300 6.222243617749987
0.5 300 5.544951545141289
0.6 300 5.294334565088702
0.7 300 4.727071758818975
0.8 300 4.377072267878575
0.9 300 4.043362809785652
1.0 300 3.5869488017528486
1.1 300 3.1641881152686078
1.2 300 2.8651774662480323
1.3 300 2.702870813044504
1.4 300 2.6345435781318627
1.5 300 2.591783026671064
1.6 300 2.566216927299417
1.7 300 2.5686469009641724
1.8 300 2.589157349004123
1.9 300 2.605825979919218
2.0 300 2.6381844836752317
2.1 300 2.6441342355843838
2.2 300 2.649675367118307
2.3 300 2.7028758268789828
2.4 300 2.8050140521163716
2.5 300 2.930769537927775
2.6 300 3.069960002200845
2.8 300 3.408862657130849
3.0 300 3.884268107467249
3.5 300 6.453179035965152
4.0 300 9.868688923409994
