0.1 500 104.71212950738096
0.2 500 74.67252624141328
0.3 500 74.41058347378753
0.4 500 76.64669975542866
0.5 500 80.395343045879
0.6 500 87.22777173921426
0.7 500 90.62672707542298
0.8 500 92.97716101503765
0.9 500 95.45572303680281
1.0 500 101.46850859845551
1.1 500 106.61353277684132
1.2 500 111.45572520499918
1.3 500 114.78410097734007
1.4 500 118.3615545058036
1.5 500 122.9225215923985
1.6 500 125.04157951541694
1.7 500 127.65883622462563
1.8 500 140.20401887173833
1.9 500 159.15347066240813
2.0 500 166.71275839829477
2.1 500 166.43778855958053
2.2 500 164.8447354204548
2.3 500 164.44482195746627
2.4 500 168.76592010571503
2.5 500 188.85100169609174
2.6 500 236.75676233796838
2.8 500 360.12180537862304
3.0 500 468.6213661896265
3.5 500 624.8322222993118
4.0 500 740.6714207649883
