0.1 400 161.01015122225965
0.2 400 73.76075331852005
0.3 400 72.69215544286284
0.4 400 74.87348372485023
0.5 400 79.83907988023758
0.6 400 88.3839798102014
0.7 400 89.2223292021097
0.8 400 92.81366351018666
0.9 400 96.48017295745437
1.0 400 102.64285348986489
1.1 400 107.86359835737869
1.2 400 112.91395765111736
1.3 400 117.19318028260693
1.4 400 122.31193549420514
1.5 400 125.59716647759262
1.6 400 128.25209657360574
1.7 400 136.7763023580633
1.8 400 156.64625023084784
1.9 400 168.51174899119576
2.0 400 169.08671505816883
2.1 400 166.9146655571747
2.2 400 166.33970634949918
2.3 400 174.3516342970225
2.4 400 205.86697292040506
2.5 400 264.424394099435
2.6 400 329.2906078498654
2.8 400 429.68558836192483
3.0 400 499.32811839637685
3.5 400 625.3070008147697
4.0 400 741.042193914875
