0.1 600 28.525464242043206
0.2 600 20.833901353155053
0.3 600 18.59777995906107
0.4 600 16.02099578595451
0.5 600 12.85213286478712
0.6 600 15.792757532689306
0.7 600 18.39664745220513
0.8 600 8.65904344475647
0.9 600 12.33256680112326
1.0 600 13.302196861462766
1.1 600 15.551301866258889
1.2 600 12.536082532191461
1.3 600 10.613037427776998
1.4 600 9.519447560936387
1.5 600 9.532548689980601
1.6 600 9.406915492594168
1.7 600 9.637724191918561
1.8 600 9.687005196447931
1.9 600 9.982501438693488
2.0 600 10.117863261014373
2.1 600 10.617488313374771
2.2 600 11.588672811034339
2.3 600 12.292791822849711
2.4 600 12.563044093732088
2.5 600 12.930104524639443
2.6 600 13.78867376080193
2.8 600 14.822444479873747
3.0 600 16.2505716516436
3.5 600 20.614380925975443
4.0 600 25.831791316319666
