0.1 700 28.556198804825268
0.2 700 20.832030375508026
0.3 700 18.91626652112681
0.4 700 15.746836126562691
0.5 700 14.469731164182752
0.6 700 17.392584869886925
0.7 700 21.71819885764397
0.8 700 20.699276339279642
0.9 700 18.74597918129578
1.0 700 17.140618937880053
1.1 700 13.815469693329705
1.2 700 9.738852767519178
1.3 700 9.4930650902433
1.4 700 9.33885945845295
1.5 700 9.370290811567934
1.6 700 9.55162982979527
1.7 700 9.759023065657846
1.8 700 9.779993019104065
1.9 700 9.888364385608691
2.0 700 10.218829704152355
2.1 700 10.648652564392622
2.2 700 11.210652785505133
2.3 700 11.849646302790534
2.4 700 12.130526021565952
2.5 700 12.878694375401405
2.6 700 13.27542295049187
2.8 700 14.68012768608289
3.0 700 16.184112547568777
3.5 700 20.325637303810883
4.0 700 24.946658460434627
