0.1 500 16.134674331005034
0.2 500 12.555181289516975
0.3 500 5.816215395012152
0.4 500 9.941999941991785
0.5 500 5.497126969091453
0.6 500 5.029991106581185
0.7 500 5.372454196082409
0.8 500 5.357973984897717
0.9 500 5.479576181137612
1.0 500 5.946402352088056
1.1 500 6.238903138586011
1.2 500 6.408778565562333
1.3 500 6.843609072556228
1.4 500 7.1629351185701715
1.5 500 7.2946924774031245
1.6 500 7.241674219782379
1.7 500 7.374467518296277
1.8 500 7.37896560229673
1.9 500 7.539854804677794
2.0 500 7.763022823286801
2.1 500 8.156992439885757
2.2 500 8.477776094162381
2.3 500 8.73005447199654
2.4 500 9.886124053548372
2.5 500 10.291797955349365
2.6 500 10.907603614140436
2.8 500 11.406459939761184
3.0 500 12.034764091239024
3.5 500 16.61727390841312
4.0 500 26.04096786764492
