0.1 400 24.21219214256959
0.2 400 16.00234591772973
0.3 400 14.263469257059311
0.4 400 9.217686527338461
0.5 400 12.212372194743642
0.6 400 7.771878437366991
0.7 400 6.41302378062067
0.8 400 5.806628052001049
0.9 400 5.987174820600825
1.0 400 6.413915198477534
1.1 400 6.763570614214119
1.2 400 6.951281109963158
1.3 400 6.946222928804814
1.4 400 7.01049734890224
1.5 400 7.3330311541266955
1.6 400 7.710322021170792
1.7 400 7.823599592146593
1.8 400 8.089934356763292
1.9 400 8.349100812474767
2.0 400 8.671540300321375
2.1 400 8.917822183010458
2.2 400 9.382121398476214
2.3 400 9.734857555408091
2.4 400 10.325622382300073
2.5 400 10.995324346972346
2.6 400 11.489795107354338
2.8 400 12.784947807825679
3.0 400 14.269294103642162
3.5 400 20.477204891940985
4.0 400 23.13752691959693
