0.1 300 14.987995576029197
0.2 300 5.757182902611011
0.3 300 3.9060510173020506
0.4 300 3.7927106139621816
0.5 300 3.850033184867092
0.6 300 4.02852327980128
0.7 300 4.323712756915851
0.8 300 4.561435612470929
0.9 300 4.857373621076899
1.0 300 5.097282442538627
1.1 300 5.229679254028395
1.2 300 5.32943032188748
1.3 300 5.424260435780553
1.4 300 5.738236360772126
1.5 300 6.069817778398627
1.6 300 6.300905679598927
1.7 300 6.515771681888191
1.8 300 6.868215139150334
1.9 300 7.122881275875266
2.0 300 7.612933477096829
2.1 300 8.079652900566364
2.2 300 8.402835131658112
2.3 300 8.76521382297254
2.4 300 9.181587757192581
2.5 300 9.515410875128877
2.6 300 10.107334681865373
2.8 300 12.127915485892705
3.0 300 13.741980921630033
3.5 300 18.31434068863539
4.0 300 26.992300877844063
