0.1 300 10.264181435985941
0.2 300 5.217011274984051
0.3 300 3.931263726742319
0.4 300 3.505928448263829
0.5 300 3.107491986269507
0.6 300 2.7718857524261167
0.7 300 2.528878026237333
0.8 300 2.3960046825718986
0.9 300 2.2894298280098764
1.0 300 2.076189786347074
1.1 300 1.8647037997672777
1.2 300 1.7151617765923313
1.3 300 1.6316571080929168
1.4 300 1.6045869134292055
1.5 300 1.6035590440036376
1.6 300 1.5973460293136692
1.7 300 1.595448798144172
1.8 300 1.597342463358893
1.9 300 1.6139229592224682
2.0 300 1.6718485683187687
2.1 300 1.72273686342868
2.2 300 1.7828646588295625
2.3 300 1.8546394061277665
2.4 300 1.9342017729251149
2.5 300 2.0246455748754375
2.6 300 2.129794216743896
2.8 300 2.3752902897412764
3.0 300 2.6978402836502937
3.5 300 4.433938405615717
4.0 300 7.203280440900626
