0.1 400 26.211452316000717
0.2 400 19.82694799790658
0.3 400 16.82893722488728
0.4 400 11.96998897931358
0.5 400 7.588612140741637
0.6 400 13.110450669347282
0.7 400 7.985313873452816
0.8 400 11.057235602497535
0.9 400 7.005500801786799
1.0 400 6.712322510548796
1.1 400 7.2104358410192395
1.2 400 7.611932182220202
1.3 400 7.7382680981422185
1.4 400 7.7577731761770625
1.5 400 7.842171717757256
1.6 400 8.193285491549002
1.7 400 8.30528781522871
1.8 400 8.423923820977764
1.9 400 8.73511208820496
2.0 400 9.073488189560598
2.1 400 9.482965248438843
2.2 400 9.718096516586126
2.3 400 10.225843966205556
2.4 400 10.873490337853774
2.5 400 11.325790910961842
2.6 400 12.135828939082305
2.8 400 13.341107463541801
3.0 400 15.004949345408727
3.5 400 19.377231787210388
4.0 400 26.883652825116865
