0.1 300 7.980878281445764
0.2 300 5.290603171894838
0.3 300 4.577992771230941
0.4 300 4.247688906639449
0.5 300 3.7519110668479287
0.6 300 3.5816012682132667
0.7 300 3.225694623316552
0.8 300 2.968892849467293
0.9 300 2.68916997259998
1.0 300 2.3461497364324297
1.1 300 2.0449330945283255
1.2 300 1.8440103834338801
1.3 300 1.7352927695028382
1.4 300 1.6890322356374996
1.5 300 1.663403297142069
1.6 300 1.6424838243144946
1.7 300 1.6153417348047927
1.8 300 1.6009757834040135
1.9 300 1.6376009419199204
2.0 300 1.6993759442812106
2.1 300 1.7506577687479972
2.2 300 1.8078149855473258
2.3 300 1.8905449350507342
2.4 300 1.9741268899565192
2.5 300 2.057775646695041
2.6 300 2.1512504783344033
2.8 300 2.3772854643326555
3.0 300 2.69796446780339
3.5 300 4.425575106159025
4.0 300 7.200050054054928
