0.1 500 11.563454024340178
0.2 500 5.5793558148041695
0.3 500 4.168313911042662
0.4 500 3.1412537043437623
0.5 500 2.7778129260481164
0.6 500 2.7241311762341573
0.7 500 2.6304704927838123
0.8 500 2.5859998436186116
0.9 500 2.5170022143967388
1.0 500 2.3817170059062125
1.1 500 2.2644547972581375
1.2 500 2.1741189633706255
1.3 500 2.070454913693947
1.4 500 1.995653411137163
1.5 500 1.9266079830434655
1.6 500 1.848373501746824
1.7 500 1.7621323780104874
1.8 500 1.6877829000188793
1.9 500 1.6417577456772754
2.0 500 1.616745427412074
2.1 500 1.6053746342627333
2.2 500 1.6002192252797207
2.3 500 1.600905524598978
2.4 500 1.5979467989421787
2.5 500 1.5956878891884843
2.6 500 1.5937647648463054
2.8 500 1.6028021776804977
3.0 500 1.574808383857042
3.5 500 1.631852429153275
4.0 500 1.7850626319332996
