0.1 500 9.816934959790915
0.2 500 4.722276955033676
0.3 500 3.138805771472281
0.4 500 2.616470904173155
0.5 500 2.4829525427328223
0.6 500 2.3444849329342854
0.7 500 2.2107147090651527
0.8 500 2.0366213364867125
0.9 500 1.9056999884271435
1.0 500 1.789259573423807
1.1 500 1.6915436768048207
1.2 500 1.5876490977088091
1.3 500 1.4866529154128019
1.4 500 1.4426131443858585
1.5 500 1.442111039875158
1.6 500 1.4549619658351454
1.7 500 1.4807702164074195
1.8 500 1.5052495636155365
1.9 500 1.5167092660415498
2.0 500 1.5263212230322116
2.1 500 1.5314572226269456
2.2 500 1.5419583502405072
2.3 500 1.556586290211034
2.4 500 1.574256634553583
2.5 500 1.5887711805179852
2.6 500 1.6185039105966366
2.8 500 1.7148999668451257
3.0 500 1.8554205091532776
3.5 500 2.833480831197878
4.0 500 4.167439094812962
