0.1 700 5.823540125049638
0.2 700 4.165678297519721
0.3 700 3.626885889639154
0.4 700 3.4797204886277178
0.5 700 3.3216147644554628
0.6 700 3.2296565073381998
0.7 700 2.9285442846440217
0.8 700 2.698811193267129
0.9 700 2.4974971353912268
1.0 700 2.309859881926943
1.1 700 2.169958705033908
1.2 700 2.0137126625282002
1.3 700 1.8528464132613942
1.4 700 1.7490127500558115
1.5 700 1.6860394924971107
1.6 700 1.6465718294790568
1.7 700 1.6114178922219193
1.8 700 1.5858571257787408
1.9 700 1.568685288835235
2.0 700 1.5626692513052023
2.1 700 1.5445487342013617
2.2 700 1.5647366965054317
2.3 700 1.5419702774766961
2.4 700 1.5535922607287809
2.5 700 1.5725909260829993
2.6 700 1.6326098514113518
2.8 700 1.7196726904552069
3.0 700 1.7880805672572333
3.5 700 2.286471904224944
4.0 700 3.242651498665661
