0.1 700 7.218474337395809
0.2 700 3.6364010701471017
0.3 700 2.57934657787473
0.4 700 2.483251887528666
0.5 700 2.52754391730798
0.6 700 2.4784638501412064
0.7 700 2.3990997812314854
0.8 700 2.244848629614543
0.9 700 2.1454364823492584
1.0 700 2.005861091548056
1.1 700 1.928168858982716
1.2 700 1.8170330350167592
1.3 700 1.7024449340721048
1.4 700 1.6400383610985583
1.5 700 1.5998077847663057
1.6 700 1.5786486400723405
1.7 700 1.5704379482599702
1.8 700 1.5475941627523944
1.9 700 1.5378642566582936
2.0 700 1.5410664701479575
2.1 700 1.5345595227923297
2.2 700 1.5561552457111552
2.3 700 1.5416784201555709
2.4 700 1.5554973729430177
2.5 700 1.5769247450492687
2.6 700 1.6242342041702509
2.8 700 1.708537205283798
3.0 700 1.7860437068454076
3.5 700 2.2943168567626784
4.0 700 3.262441189894657
