0.1 400 8.612476129122244
0.2 400 4.6389356993979725
0.3 400 3.2805685270234264
0.4 400 2.7720624703445917
0.5 400 2.541261431261895
0.6 400 2.430488919866887
0.7 400 2.2878579813161357
0.8 400 2.192657935435706
0.9 400 2.0627230152664033
1.0 400 1.9338829712016319
1.1 400 1.7913810224821096
1.2 400 1.6694314034967683
1.3 400 1.5853214893010472
1.4 400 1.5511377819376149
1.5 400 1.5487395803301545
1.6 400 1.5631188523535064
1.7 400 1.5735530899687158
1.8 400 1.5718052735425847
1.9 400 1.5650266475586723
2.0 400 1.5599886646088172
2.1 400 1.5658545179688814
2.2 400 1.5795099604821625
2.3 400 1.6078427625092544
2.4 400 1.6411538179994776
2.5 400 1.680663271480154
2.6 400 1.7290361055294046
2.8 400 1.9001485461815526
3.0 400 2.168556536319938
3.5 400 3.2801423326500303
4.0 400 5.398666976860311
