0.1 700 30.602871742643263
0.2 700 25.490741681057703
0.3 700 19.035792212352156
0.4 700 16.26405316272971
0.5 700 12.006721971595386
0.6 700 8.92224869413888
0.7 700 14.423440389043527
0.8 700 15.349479141708382
0.9 700 15.040324969610364
1.0 700 12.014565039455595
1.1 700 9.909771678684123
1.2 700 7.682200738109641
1.3 700 8.433344812605096
1.4 700 8.420018267940792
1.5 700 8.32353013919455
1.6 700 8.22409288379004
1.7 700 8.359158420286812
1.8 700 8.546465969022504
1.9 700 8.663997729284528
2.0 700 8.705636885389447
2.1 700 8.787722444044434
2.2 700 8.670957708422026
2.3 700 8.856635500713512
2.4 700 8.83539518386305
2.5 700 9.025392261013382
2.6 700 9.239956813634171
2.8 700 9.341115756119628
3.0 700 9.553654333688401
3.5 700 11.3550367435614
4.0 700 13.176620591537208
