0.1 500 23.603800426535045
0.2 500 15.755372098722832
0.3 500 14.13530245258145
0.4 500 12.055577898387636
0.5 500 15.24249738895202
0.6 500 15.029530513347343
0.7 500 11.969749310433984
0.8 500 6.405029155874556
0.9 500 6.16840924513358
1.0 500 6.1413621155884615
1.1 500 6.358126419901978
1.2 500 6.852815734957561
1.3 500 7.269539146326231
1.4 500 7.822295782160243
1.5 500 8.31956664134992
1.6 500 8.437980741756576
1.7 500 8.577796980573122
1.8 500 8.694156871826483
1.9 500 8.805909058694764
2.0 500 9.042576139783497
2.1 500 9.397518524324234
2.2 500 9.785290247361528
2.3 500 10.27111971142186
2.4 500 10.604058825900003
2.5 500 11.005889998769337
2.6 500 11.468148889225247
2.8 500 12.704112937714898
3.0 500 14.28191105280271
3.5 500 18.536361544495296
4.0 500 26.43011622397784
