0.1 600 30.0839036823398
0.2 600 23.96197215333757
0.3 600 19.232918652567033
0.4 600 12.304810431783059
0.5 600 8.4416486555793
0.6 600 7.769811675147824
0.7 600 13.4095584547159
0.8 600 10.963152023925119
0.9 600 7.087412773231805
1.0 600 7.334314218769604
1.1 600 8.236362194408844
1.2 600 8.319309996002016
1.3 600 8.35445369224835
1.4 600 8.61523531516345
1.5 600 8.655133342476281
1.6 600 8.851116159772548
1.7 600 9.049515247071806
1.8 600 9.368297931839912
1.9 600 9.49159165709656
2.0 600 9.893975354470276
2.1 600 10.074292184655635
2.2 600 10.102120732203216
2.3 600 10.172896395032334
2.4 600 10.460836933221792
2.5 600 11.190223594343395
2.6 600 12.111418197534395
2.8 600 13.3687068767964
3.0 600 14.563520580047395
3.5 600 18.70573730836535
4.0 600 23.758363972165803
