0.1 300 8.520287789404907
0.2 300 5.501177363681001
0.3 300 4.8235436339185656
0.4 300 4.39194556027094
0.5 300 3.835974179432183
0.6 300 3.6300897106960783
0.7 300 3.245627997367063
0.8 300 2.978300977848312
0.9 300 2.6956847552408782
1.0 300 2.350434392629398
1.1 300 2.0473227123710482
1.2 300 1.8448009246309698
1.3 300 1.7355970982582976
1.4 300 1.6890721481646198
1.5 300 1.6633887929859257
1.6 300 1.6424592999253687
1.7 300 1.61525784958546
1.8 300 1.600913636877076
1.9 300 1.6375611457607742
2.0 300 1.6993539467637737
2.1 300 1.750647338088196
2.2 300 1.8078139949279513
2.3 300 1.8905474025028166
2.4 300 1.9741260741182796
2.5 300 2.057772750857953
2.6 300 2.1512469347311862
2.8 300 2.377283561830638
3.0 300 2.697963651809654
3.5 300 4.425575492933753
4.0 300 7.20004911271285
