0.1 300 28.844742860524136
0.2 300 23.548875556448156
0.3 300 17.75328254912056
0.4 300 16.027101704989384
0.5 300 14.920486668047008
0.6 300 12.673488097660414
0.7 300 13.620209791207637
0.8 300 15.085784974486115
0.9 300 10.275506657355828
1.0 300 9.98423164459443
1.1 300 13.641905548350852
1.2 300 11.974536973105243
1.3 300 10.675246404711157
1.4 300 10.32492592707634
1.5 300 9.774843210760915
1.6 300 9.790489331899051
1.7 300 10.205736721385485
1.8 300 10.077459313336849
1.9 300 10.319559824371813
2.0 300 10.631179342632135
2.1 300 10.963259098916152
2.2 300 11.634764609461456
2.3 300 12.085755959137167
2.4 300 12.892755851520608
2.5 300 13.479497763923979
2.6 300 14.111863494185647
2.8 300 15.438420108275386
3.0 300 16.7878932183519
3.5 300 22.20330019037683
4.0 300 28.596220838769224
