0.1 400 68.55758843210585
0.2 400 47.148866744494164
0.3 400 45.42991367256837
0.4 400 48.62220389972286
0.5 400 50.79227087985588
0.6 400 54.24017582212664
0.7 400 57.34980967388017
0.8 400 62.93918147869781
0.9 400 68.5001298506818
1.0 400 74.81776283375986
1.1 400 79.92505109422162
1.2 400 84.62150957788178
1.3 400 89.82740381659103
1.4 400 96.36359302297603
1.5 400 99.67174284853421
1.6 400 101.8191207624438
1.7 400 110.87178334315827
1.8 400 128.2197361961938
1.9 400 138.57587901492423
2.0 400 139.82762756374325
2.1 400 139.12150274668153
2.2 400 140.1408167065779
2.3 400 147.60570495051297
2.4 400 169.7029972797213
2.5 400 210.1808464151484
2.6 400 258.77472709158604
2.8 400 332.7642738078787
3.0 400 384.7856571069655
3.5 400 492.52452024145435
4.0 400 607.2019636291244
