0.1 300 8.295736902519103
0.2 300 5.223963107485953
0.3 300 4.151202230834186
0.4 300 3.961769907488856
0.5 300 3.468613421230522
0.6 300 3.3244870307771723
0.7 300 3.0567988868251925
0.8 300 2.864873096665162
0.9 300 2.6135938675197377
1.0 300 2.299216722642519
1.1 300 2.014153240103704
1.2 300 1.827854342982154
1.3 300 1.7281599830492456
1.4 300 1.687715189105086
1.5 300 1.663160919986634
1.6 300 1.6426333953343055
1.7 300 1.6177314739795077
1.8 300 1.6033404206290243
1.9 300 1.6387444661124042
2.0 300 1.7000423954357584
2.1 300 1.7507263402856041
2.2 300 1.8076220103355194
2.3 300 1.8898543441231141
2.4 300 1.9739225230330701
2.5 300 2.0579297986672147
2.6 300 2.1516050001060067
2.8 300 2.3776318262839276
3.0 300 2.6981758412648995
3.5 300 4.425682819367462
4.0 300 7.20005203783829
