0.1 700 11.344296736217395
0.2 700 4.962732671804461
0.3 700 3.268976194450205
0.4 700 2.5956781949663013
0.5 700 2.4056089948483366
0.6 700 2.3321443074191555
0.7 700 2.2399791269750824
0.8 700 2.1162026297521743
0.9 700 1.9831505903628759
1.0 700 1.853870031410331
1.1 700 1.745971344196752
1.2 700 1.6050386619516874
1.3 700 1.5227848190387367
1.4 700 1.4538499528048883
1.5 700 1.3910038290100544
1.6 700 1.366742771216583
1.7 700 1.3685264998802988
1.8 700 1.3694388821162864
1.9 700 1.374344567169328
2.0 700 1.369627354639242
2.1 700 1.370499564788313
2.2 700 1.3883271282678304
2.3 700 1.418032804233513
2.4 700 1.459209980288676
2.5 700 1.5020859182690285
2.6 700 1.5533479780530406
2.8 700 1.6349953617093507
3.0 700 1.7174933786748932
3.5 700 2.0432123207488107
4.0 700 3.446511128050039
