0.1 400 6.890952352740863
0.2 400 4.510052112192956
0.3 400 4.052022439214595
0.4 400 3.7113146041379688
0.5 400 3.639458121183806
0.6 400 3.3815019998802303
0.7 400 3.194374556479802
0.8 400 2.918563662944534
0.9 400 2.651006590383932
1.0 400 2.386576277835955
1.1 400 2.130927326022251
1.2 400 1.9246715756331045
1.3 400 1.8004436251245775
1.4 400 1.7379696058397927
1.5 400 1.7039007826562842
1.6 400 1.6725481413298944
1.7 400 1.654784548727859
1.8 400 1.6355621989012357
1.9 400 1.6147975630304787
2.0 400 1.5963752192195642
2.1 400 1.593901360979326
2.2 400 1.6310160123860664
2.3 400 1.6683761734649352
2.4 400 1.70568219014229
2.5 400 1.7457940898653415
2.6 400 1.7972780622719469
2.8 400 1.9493317483366108
3.0 400 2.1448893818619923
3.5 400 3.177528476674579
4.0 400 5.4759552393491795
