0.1 400 28.674642096598376
0.2 400 23.829460263744707
0.3 400 18.009160879027338
0.4 400 16.329666442016983
0.5 400 13.29203096177641
0.6 400 12.293784798954276
0.7 400 15.021080681231279
0.8 400 10.700132919216845
0.9 400 17.82353542788297
1.0 400 12.03552846067224
1.1 400 12.728561096577724
1.2 400 11.428993315975491
1.3 400 8.337169267291449
1.4 400 9.243486688576676
1.5 400 9.046970490848917
1.6 400 8.98946516824771
1.7 400 9.259006056375968
1.8 400 9.394684117370906
1.9 400 9.565975004935881
2.0 400 9.831718040046548
2.1 400 10.151202532323353
2.2 400 10.491043001854376
2.3 400 11.119887090708113
2.4 400 11.911824614517146
2.5 400 12.751116730677925
2.6 400 13.639843211890053
2.8 400 15.146710171537945
3.0 400 16.564295657213076
3.5 400 20.75123827388798
4.0 400 26.39768522660291
