0.1 400 163.87403472604103
0.2 400 66.37426012043082
0.3 400 46.95606000202362
0.4 400 43.91577776715599
0.5 400 45.54368576905326
0.6 400 48.126765136184815
0.7 400 50.14937434631362
0.8 400 52.785503174029806
0.9 400 56.18756492743895
1.0 400 57.55061370463696
1.1 400 61.25494499659485
1.2 400 65.14238436477456
1.3 400 69.21305868788939
1.4 400 73.6035405499824
1.5 400 77.59551858658085
1.6 400 80.75403847205273
1.7 400 84.16230636635936
1.8 400 87.54327257464365
1.9 400 91.75275986275945
2.0 400 96.36459435806438
2.1 400 99.09118674570942
2.2 400 100.27099543068675
2.3 400 102.25185192183618
2.4 400 108.10732964749064
2.5 400 119.29269370032162
2.6 400 131.31181956608822
2.8 400 139.8743050489784
3.0 400 139.12149426957475
3.5 400 187.47909102825815
4.0 400 332.7642425975414
