0.1 300 30.72443752583487
0.2 300 23.899297364403665
0.3 300 18.32883904944301
0.4 300 15.962940563896032
0.5 300 13.583482079439412
0.6 300 10.973303891290215
0.7 300 12.976925403512693
0.8 300 14.003032265040002
0.9 300 15.36138601745737
1.0 300 13.11852848311772
1.1 300 10.978902825599958
1.2 300 9.953212692082307
1.3 300 9.305904412279212
1.4 300 9.191217783283927
1.5 300 9.160927150999848
1.6 300 9.241103311942748
1.7 300 9.404369817663992
1.8 300 9.58610479311556
1.9 300 9.822448824565013
2.0 300 10.341491486775388
2.1 300 10.648123999358322
2.2 300 11.324368811697939
2.3 300 11.776624004375687
2.4 300 12.346826398655379
2.5 300 12.947600632359201
2.6 300 13.548427470513365
2.8 300 14.929307278332312
3.0 300 17.222637514745575
3.5 300 21.557940051052764
4.0 300 26.670002773279222
