0.1 300 27.119698962748174
0.2 300 22.948046265332135
0.3 300 17.211639497337924
0.4 300 16.49279060156413
0.5 300 16.114344368581175
0.6 300 13.775529026270013
0.7 300 14.538626820004582
0.8 300 16.073991986932846
0.9 300 11.623385804682506
1.0 300 11.428055497457919
1.1 300 8.778414844312731
1.2 300 10.200869537205286
1.3 300 14.109357786248438
1.4 300 12.292124002543641
1.5 300 11.086145619037223
1.6 300 10.969059475303682
1.7 300 10.93618831764282
1.8 300 10.999601394870442
1.9 300 11.169944756358799
2.0 300 11.148476433129726
2.1 300 11.505942947065993
2.2 300 12.162061935155497
2.3 300 12.580635644214489
2.4 300 13.351769347661454
2.5 300 13.87678125791449
2.6 300 14.442014446460892
2.8 300 15.782014902904669
3.0 300 17.44360134384419
3.5 300 22.160202380359223
4.0 300 26.745537861544292
