0.1 600 147.13790715449076
0.2 600 54.05697654812252
0.3 600 44.99882815360961
0.4 600 46.04402698137928
0.5 600 47.10371728157869
0.6 600 49.264369658496236
0.7 600 50.71149004702423
0.8 600 54.811765380403756
0.9 600 58.36973097791542
1.0 600 61.65335234129796
1.1 600 62.99011730108351
1.2 600 64.94906077691894
1.3 600 66.35212607752709
1.4 600 68.72888940277097
1.5 600 73.36628028016592
1.6 600 77.71971613410942
1.7 600 81.20319722699854
1.8 600 83.42833648858213
1.9 600 85.4632562080168
2.0 600 87.73575535284867
2.1 600 90.83205670759611
2.2 600 94.76091092077756
2.3 600 97.33874952625452
2.4 600 98.73664069118007
2.5 600 100.77195698172822
2.6 600 105.86719175325148
2.8 600 124.98205934190436
3.0 600 134.79794797936927
3.5 600 140.14658051398118
4.0 600 232.16649348699755
