0.1 700 5.465965536439635
0.2 700 3.280081920689366
0.3 700 2.7084855779046464
0.4 700 2.737714834269043
0.5 700 2.7597988719218454
0.6 700 2.7560365056846248
0.7 700 2.6226695876145776
0.8 700 2.4830122830363957
0.9 700 2.3357371029449805
1.0 700 2.1906652936884443
1.1 700 2.08841685940305
1.2 700 1.9377669721311361
1.3 700 1.8038261164910196
1.4 700 1.7188748573252086
1.5 700 1.6620882747680243
1.6 700 1.6352172824349887
1.7 700 1.6082070132736734
1.8 700 1.5855432219799408
1.9 700 1.5717715018602623
2.0 700 1.5677851211425213
2.1 700 1.5491464750775672
2.2 700 1.567165698082749
2.3 700 1.544229182789315
2.4 700 1.5558121223501098
2.5 700 1.5734241252981
2.6 700 1.630272475178607
2.8 700 1.7181541754966947
3.0 700 1.788025425244621
3.5 700 2.286725880456016
4.0 700 3.241992950867476
