0.1 500 6.090955229303396
0.2 500 3.8584354140007573
0.3 500 3.0827824011553493
0.4 500 2.9480094326022837
0.5 500 2.9661800556103217
0.6 500 2.8489279720429614
0.7 500 2.6666657456909033
0.8 500 2.493963251130165
0.9 500 2.319912332906492
1.0 500 2.176582893310531
1.1 500 2.031177892936662
1.2 500 1.892488269315761
1.3 500 1.7870537182839648
1.4 500 1.713093734047761
1.5 500 1.6726872852535333
1.6 500 1.6557810468226868
1.7 500 1.6330103868353685
1.8 500 1.6274903037894406
1.9 500 1.6254514239547029
2.0 500 1.6013830613666002
2.1 500 1.5987360020854686
2.2 500 1.5861473467011182
2.3 500 1.6046901178833475
2.4 500 1.651341115706665
2.5 500 1.684756474020296
2.6 500 1.7165252253325198
2.8 500 1.805384637083504
3.0 500 1.9500428988058143
3.5 500 2.592915475712505
4.0 500 4.155435024596778
