0.1 500 23.824844597293474
0.2 500 15.65628143858518
0.3 500 13.01286841662207
0.4 500 7.953681277625818
0.5 500 6.961377757262957
0.6 500 12.002168966433615
0.7 500 9.938201997285956
0.8 500 6.03082987456416
0.9 500 5.965984216360006
1.0 500 6.084593873397332
1.1 500 6.612418255431018
1.2 500 6.981468133860869
1.3 500 7.331395048466576
1.4 500 7.776741373829444
1.5 500 8.105989921011833
1.6 500 8.430035360825743
1.7 500 8.374530193733351
1.8 500 8.507736840336365
1.9 500 8.62269190784701
2.0 500 8.989748855098673
2.1 500 9.333209335369068
2.2 500 9.749469365911231
2.3 500 10.061718257876626
2.4 500 10.402487796572354
2.5 500 10.834784462224743
2.6 500 11.370204077401294
2.8 500 12.724423369013094
3.0 500 14.083811528037408
3.5 500 17.912272593901246
4.0 500 25.30676495687419
