0.1 600 9.369317925001564
0.2 600 4.524997190129803
0.3 600 2.9107685509105705
0.4 600 2.4936024751565053
0.5 600 2.4375382091750453
0.6 600 2.358507112837927
0.7 600 2.2577410808081604
0.8 600 2.1064066910506414
0.9 600 1.9740453377855929
1.0 600 1.8584262152038427
1.1 600 1.7452127480324167
1.2 600 1.6336398638089684
1.3 600 1.5151771778394973
1.4 600 1.4454507960408534
1.5 600 1.4173465244463455
1.6 600 1.420427427894759
1.7 600 1.429966730969638
1.8 600 1.4377975323930319
1.9 600 1.442638511427684
2.0 600 1.4527829138961605
2.1 600 1.4791124303773222
2.2 600 1.505485414018861
2.3 600 1.539486352485625
2.4 600 1.5755331768139107
2.5 600 1.612528585893706
2.6 600 1.6492168916722685
2.8 600 1.7024652014215966
3.0 600 1.7991001993133604
3.5 600 2.547598874665675
4.0 600 3.8316315831575474
