0.1 300 31.764020967991534
0.2 300 23.869814189899195
0.3 300 19.9586594069641
0.4 300 16.25564428834211
0.5 300 14.978911810919733
0.6 300 13.252976633657982
0.7 300 10.696609733965593
0.8 300 10.981248821899111
0.9 300 12.62946426772107
1.0 300 14.096652579025998
1.1 300 9.528003727805098
1.2 300 9.159756890945891
1.3 300 8.723667348334029
1.4 300 9.450806786447087
1.5 300 8.47439382584294
1.6 300 7.986612580473559
1.7 300 7.523209444611204
1.8 300 7.673708884710065
1.9 300 8.158609656753095
2.0 300 8.127738954344697
2.1 300 8.392857288716154
2.2 300 8.173599175070668
2.3 300 8.19339960249318
2.4 300 8.19071022199288
2.5 300 8.91887830437165
2.6 300 8.920409134141641
2.8 300 9.1668046935784
3.0 300 9.605155033338626
3.5 300 11.146741893494028
4.0 300 14.420210847729777
