0.1 700 9.022632754095772
0.2 700 5.237366990381242
0.3 700 4.436249515245123
0.4 700 4.80368468725302
0.5 700 5.13467181540228
0.6 700 5.363097095398664
0.7 700 5.589682237293054
0.8 700 5.785244559885974
0.9 700 5.918384957479069
1.0 700 6.072397817797962
1.1 700 6.470552893856976
1.2 700 6.83208939668072
1.3 700 7.15562684310295
1.4 700 7.2642544570966265
1.5 700 7.3593307987073056
1.6 700 7.609167753260652
1.7 700 7.727285326263941
1.8 700 7.82917918105287
1.9 700 7.9185487737876
2.0 700 8.12145438043603
2.1 700 8.81429013645429
2.2 700 9.031828705303763
2.3 700 9.305750237001423
2.4 700 9.720022526007988
2.5 700 10.086853319928457
2.6 700 10.6062694340867
2.8 700 11.765271548608153
3.0 700 13.157271879537912
3.5 700 16.762628372822068
4.0 700 24.635536684232534
