0.1 400 10.39112289577433
0.2 400 7.220584648822667
0.3 400 6.281110648932872
0.4 400 4.0924170511341975
0.5 400 4.318350556071814
0.6 400 4.449885718135538
0.7 400 4.7183429750723604
0.8 400 5.061720629640079
0.9 400 5.178268164795849
1.0 400 5.315632374164559
1.1 400 5.491162293564242
1.2 400 5.48813743505116
1.3 400 5.65735186561993
1.4 400 5.833362664311937
1.5 400 6.090500647796252
1.6 400 6.402097173939599
1.7 400 6.604498447048945
1.8 400 6.788713596693669
1.9 400 7.00925392515449
2.0 400 7.368893340613495
2.1 400 7.741353475717432
2.2 400 8.116681828710806
2.3 400 8.937560419803003
2.4 400 9.498038247616776
2.5 400 9.929832078160649
2.6 400 10.237119454099085
2.8 400 10.934561559426598
3.0 400 12.897079459352035
3.5 400 17.071048226705777
4.0 400 27.02239055964744
