0.1 600 8.029516279855441
0.2 600 4.340874379241303
0.3 600 4.238845495979815
0.4 600 4.555723603577804
0.5 600 4.8406967423947975
0.6 600 5.0391352460593755
0.7 600 5.275045195592683
0.8 600 5.421972862314709
0.9 600 5.655780013188855
1.0 600 5.72757634859175
1.1 600 6.17820029039752
1.2 600 6.5682552238713
1.3 600 6.870318336271577
1.4 600 6.940326418785359
1.5 600 7.018239654232786
1.6 600 7.1160619581848295
1.7 600 7.337467427055813
1.8 600 7.604120487443718
1.9 600 7.737488018622782
2.0 600 7.872675532328062
2.1 600 8.112549306431962
2.2 600 8.403411908176498
2.3 600 9.323702732445945
2.4 600 9.681425915837652
2.5 600 10.091499376998218
2.6 600 10.664945347161254
2.8 600 12.174602119155935
3.0 600 13.636488377318754
3.5 600 16.44035173192828
4.0 600 21.235919364921088
