0.1 400 8.071610104167727
0.2 400 4.493857186451336
0.3 400 3.4191614289695598
0.4 400 3.094958133482364
0.5 400 2.9460596742375387
0.6 400 2.852257709147592
0.7 400 2.7393307691495035
0.8 400 2.5843320668606724
0.9 400 2.405290830428297
1.0 400 2.2084493369503053
1.1 400 2.009767204703378
1.2 400 1.8452765407811673
1.3 400 1.7547596479093706
1.4 400 1.7170049154786182
1.5 400 1.6931236894145505
1.6 400 1.6723777433485036
1.7 400 1.6561666285591397
1.8 400 1.6357719203514596
1.9 400 1.6158509247329484
2.0 400 1.5944299419668142
2.1 400 1.5912338714195657
2.2 400 1.6312717344553997
2.3 400 1.6669219944868428
2.4 400 1.7008864473065175
2.5 400 1.740876904535969
2.6 400 1.793950386193296
2.8 400 1.9485714259205897
3.0 400 2.146479487719213
3.5 400 3.1772183845088264
4.0 400 5.477521140929953
