0.1 600 79.45474082215075
0.2 600 44.52669925178162
0.3 600 45.51869418078428
0.4 600 48.31691638399479
0.5 600 51.66933529170021
0.6 600 56.65884428015587
0.7 600 61.652197405757356
0.8 600 63.7468934759868
0.9 600 66.18756168167546
1.0 600 70.06598939024401
1.1 600 76.50211215716298
1.2 600 81.55917361052668
1.3 600 84.59936661029755
1.4 600 87.73604536174486
1.5 600 92.56025642287686
1.6 600 97.06981347020971
1.7 600 99.1467403406491
1.8 600 103.99694054147297
1.9 600 116.40506573235037
2.0 600 129.33179122043623
2.1 600 134.79804313274445
2.2 600 136.3113152639433
2.3 600 136.84347032036888
2.4 600 138.3135909979613
2.5 600 143.58849393357187
2.6 600 158.8947410625422
2.8 600 232.1666017475831
3.0 600 316.2097157351943
3.5 600 490.67502951039097
4.0 600 605.9362510395889
