0.1 700 5.608219178747848
0.2 700 3.760335963275934
0.3 700 3.309594438276797
0.4 700 3.314551265586387
0.5 700 3.2273825635663207
0.6 700 3.1839340860188803
0.7 700 2.905863702870094
0.8 700 2.686134346461261
0.9 700 2.489764803646822
1.0 700 2.3042389158705228
1.1 700 2.167173180548735
1.2 700 2.011643552911739
1.3 700 1.8515081641087598
1.4 700 1.7483763467970161
1.5 700 1.6857131530532614
1.6 700 1.6464774443678134
1.7 700 1.6113737549619784
1.8 700 1.5858621167510811
1.9 700 1.5687078684495392
2.0 700 1.5626887049207867
2.1 700 1.544564391131166
2.2 700 1.564745046243419
2.3 700 1.5419737198986732
2.4 700 1.5535988145450559
2.5 700 1.5725919293173913
2.6 700 1.6326151653062522
2.8 700 1.7196797950599811
3.0 700 1.7880776391784785
3.5 700 2.286498281145514
4.0 700 3.2426175399477097
