0.1 600 9.674587724496465
0.2 600 4.132055466163885
0.3 600 4.191681365133056
0.4 600 4.57678770029998
0.5 600 4.878214336969524
0.6 600 5.034544660690611
0.7 600 5.284305683244615
0.8 600 5.424308797676135
0.9 600 5.659063673249142
1.0 600 5.729584444062218
1.1 600 6.180909168426925
1.2 600 6.569683732572563
1.3 600 6.871497577868242
1.4 600 6.940868151159401
1.5 600 7.018410842609497
1.6 600 7.116162015198931
1.7 600 7.337533104479979
1.8 600 7.604015473517782
1.9 600 7.737415052861864
2.0 600 7.872632450919417
2.1 600 8.112511416372682
2.2 600 8.403380365623605
2.3 600 9.323687505483104
2.4 600 9.681413258415802
2.5 600 10.091490960022647
2.6 600 10.664939727581562
2.8 600 12.174600248178596
3.0 600 13.636487825864751
3.5 600 16.44035251614078
4.0 600 21.23591848513006
