0.1 600 6.227089297395942
0.2 600 4.463284916270953
0.3 600 3.772184092163356
0.4 600 3.726608171363056
0.5 600 3.571065632752593
0.6 600 3.33634229116742
0.7 600 3.012702227237627
0.8 600 2.788526833670803
0.9 600 2.5455898217847155
1.0 600 2.3495031895577765
1.1 600 2.171096163517602
1.2 600 2.0004312137958795
1.3 600 1.8560127630846124
1.4 600 1.740750177133526
1.5 600 1.6687383919161949
1.6 600 1.630174051631773
1.7 600 1.5943200992971378
1.8 600 1.5857121782187389
1.9 600 1.587289979973891
2.0 600 1.595839942223503
2.1 600 1.5808103902539892
2.2 600 1.607394024066319
2.3 600 1.605733007340215
2.4 600 1.6092502949255945
2.5 600 1.645141966989809
2.6 600 1.6978074426794
2.8 600 1.7743285993213362
3.0 600 1.8657171196702085
3.5 600 2.4414155510744324
4.0 600 3.5317910891761035
