0.1 700 29.940329189598145
0.2 700 23.502681865239623
0.3 700 18.647641920404855
0.4 700 11.559120975461658
0.5 700 8.050826564682673
0.6 700 14.192913339241448
0.7 700 13.013438815594867
0.8 700 10.01367044963029
0.9 700 7.456310841836634
1.0 700 7.682879183981926
1.1 700 8.523171538229974
1.2 700 8.60213266374706
1.3 700 8.507395032962958
1.4 700 8.737248670912287
1.5 700 8.974920815555084
1.6 700 8.88152936001569
1.7 700 9.075096196315611
1.8 700 9.115240756704068
1.9 700 9.45588406488052
2.0 700 9.591599704018147
2.1 700 10.001131119672515
2.2 700 10.243788895823535
2.3 700 10.352528081374981
2.4 700 10.660193199433673
2.5 700 11.027138419763846
2.6 700 12.037595194050922
2.8 700 13.229870423844568
3.0 700 14.569321998635756
3.5 700 18.072471208906443
4.0 700 23.21539838621766
