0.1 400 31.194735477704015
0.2 400 24.161193271364272
0.3 400 19.618372485787084
0.4 400 16.489926148187013
0.5 400 14.533807600860168
0.6 400 11.670502219812082
0.7 400 8.371435566396777
0.8 400 8.196711857624253
0.9 400 13.348230872566011
1.0 400 14.163157290504206
1.1 400 12.536302844667347
1.2 400 8.863092368816636
1.3 400 7.389120524189239
1.4 400 6.511950156900306
1.5 400 7.12427600195438
1.6 400 7.308428556025517
1.7 400 7.43333356130991
1.8 400 7.953276803192281
1.9 400 8.04953589140546
2.0 400 7.987385230293446
2.1 400 7.97453669352824
2.2 400 7.98207386684494
2.3 400 8.220055704972692
2.4 400 8.454745943765614
2.5 400 8.469910957714395
2.6 400 8.696992886752057
2.8 400 8.966350468185814
3.0 400 9.533635542247794
3.5 400 11.277212530449402
4.0 400 13.383264305572029
