0.1 300 8.688138948038597
0.2 300 5.565179403234166
0.3 300 4.844875947049216
0.4 300 4.399334274272103
0.5 300 3.8378923182523796
0.6 300 3.63067710660278
0.7 300 3.245743063680695
0.8 300 2.9783286215406948
0.9 300 2.6957041919574833
1.0 300 2.350447877073681
1.1 300 2.0473278225604403
1.2 300 1.8448010824460608
1.3 300 1.7355971310444034
1.4 300 1.689072069466987
1.5 300 1.6633886928398243
1.6 300 1.6424592655078492
1.7 300 1.6152578262767001
1.8 300 1.6009135614771217
1.9 300 1.637561136489874
2.0 300 1.6993540680868995
2.1 300 1.7506473523350137
2.2 300 1.8078139700467186
2.3 300 1.8905474317297994
2.4 300 1.9741261360450735
2.5 300 2.057772712203841
2.6 300 2.151246976480776
2.8 300 2.3772834985521167
3.0 300 2.6979636891944545
3.5 300 4.425575519565129
4.0 300 7.200048653343968
