0.1 600 30.702826980697893
0.2 600 25.08742340009168
0.3 600 18.772238959103152
0.4 600 17.149672360226766
0.5 600 12.638655402032033
0.6 600 9.160914354730293
0.7 600 12.943405174628785
0.8 600 14.427235754342501
0.9 600 13.925458371525053
1.0 600 12.155211418210328
1.1 600 7.016108586825199
1.2 600 6.996838945987698
1.3 600 7.6356657247076765
1.4 600 8.343564404813263
1.5 600 8.255464405269027
1.6 600 8.253543750689566
1.7 600 8.233757805911273
1.8 600 8.342669732574047
1.9 600 8.45705731150437
2.0 600 8.585896631850568
2.1 600 8.510072117388493
2.2 600 8.65160282595898
2.3 600 8.851660964632295
2.4 600 9.071074974545965
2.5 600 9.085039768660035
2.6 600 9.328990528303006
2.8 600 9.27486058220654
3.0 600 9.448406585309728
3.5 600 11.080988981447323
4.0 600 12.978645246224122
