0.1 700 6.319549140844939
0.2 700 3.404631181945782
0.3 700 2.678064274050045
0.4 700 2.658768750356255
0.5 700 2.709554108530049
0.6 700 2.6672901259768205
0.7 700 2.5592800536205123
0.8 700 2.4155861605915487
0.9 700 2.2879608889136347
1.0 700 2.1466526858005612
1.1 700 2.050645195099467
1.2 700 1.9164360651584151
1.3 700 1.7875761299233588
1.4 700 1.708682885652645
1.5 700 1.6533046074249333
1.6 700 1.6272551146525815
1.7 700 1.602260229868051
1.8 700 1.5815196460682073
1.9 700 1.567406036382529
2.0 700 1.5644528345412647
2.1 700 1.5469342793941403
2.2 700 1.5411418513208397
2.3 700 1.5430281700035584
2.4 700 1.5549812798447677
2.5 700 1.5728461295066158
2.6 700 1.6297190393982954
2.8 700 1.717747877036616
3.0 700 1.7879115188884642
3.5 700 2.2871319146822247
4.0 700 3.242915122727101
