0.1 300 27.20343753574082
0.2 300 20.10766458872279
0.3 300 15.361983538438457
0.4 300 13.700976391302047
0.5 300 10.072470868699128
0.6 300 12.571307312013232
0.7 300 14.106452259526554
0.8 300 9.055413745481728
0.9 300 10.875397373917236
1.0 300 8.67063576901022
1.1 300 7.624938073273084
1.2 300 7.222715686697728
1.3 300 7.78371606802404
1.4 300 8.13574987076412
1.5 300 8.013150491527432
1.6 300 7.889154554970784
1.7 300 7.98585782811014
1.8 300 8.815558156197028
1.9 300 8.89671280930191
2.0 300 9.04514498332277
2.1 300 9.332744225686156
2.2 300 9.70524388570329
2.3 300 10.155834526910496
2.4 300 10.571772762833147
2.5 300 12.056158795427379
2.6 300 12.888357031281004
2.8 300 14.310114390236034
3.0 300 15.633992537406847
3.5 300 20.619843672142338
4.0 300 27.05720146797181
