0.1 400 29.99466759036123
0.2 400 24.451858016301355
0.3 400 17.943567124450702
0.4 400 15.464294650281259
0.5 400 11.991039888723614
0.6 400 8.334829229736222
0.7 400 13.969465278564137
0.8 400 15.213606948408003
0.9 400 10.619693361522986
1.0 400 11.29676402786086
1.1 400 10.405396356539946
1.2 400 8.060808366513614
1.3 400 7.979560364559268
1.4 400 8.678853125406397
1.5 400 8.815101691045761
1.6 400 9.01932637512724
1.7 400 9.08560031334249
1.8 400 9.224589725352516
1.9 400 9.44298776796775
2.0 400 9.689142448898766
2.1 400 9.956002033530469
2.2 400 10.238666735666346
2.3 400 10.899199874011334
2.4 400 11.63360366002363
2.5 400 12.463175491159753
2.6 400 13.33650303925524
2.8 400 14.81179458099867
3.0 400 16.294913209675986
3.5 400 20.74595418316698
4.0 400 25.7887513029602
