0.1 700 64.38745691278956
0.2 700 45.00319504398378
0.3 700 46.05515924452734
0.4 700 49.00687146629962
0.5 700 51.0301570177658
0.6 700 56.14915527705691
0.7 700 62.22131618952013
0.8 700 65.73780573460776
0.9 700 67.41564809005597
1.0 700 69.46870750691662
1.1 700 75.41959470122306
1.2 700 80.3676911500661
1.3 700 83.84334892825449
1.4 700 86.56385586145356
1.5 700 90.22619126449204
1.6 700 95.56016485316616
1.7 700 98.51897258279585
1.8 700 101.74407993418549
1.9 700 111.17008493820674
2.0 700 124.23876216437577
2.1 700 132.30829297009112
2.2 700 135.15505442404222
2.3 700 136.16013337683125
2.4 700 137.21167367931446
2.5 700 139.45846653805845
2.6 700 145.82716517871066
2.8 700 195.18954503534397
3.0 700 272.27221284706565
3.5 700 487.19324049893504
4.0 700 605.9207547339629
