0.1 700 8.362564143807896
0.2 700 5.593358254817869
0.3 700 4.4612368845928145
0.4 700 4.834906697792084
0.5 700 5.108218998295757
0.6 700 5.348422788808771
0.7 700 5.585470913345611
0.8 700 5.7847364427163335
0.9 700 5.919843494977284
1.0 700 6.0660069780635615
1.1 700 6.468442644890802
1.2 700 6.8310491492277015
1.3 700 7.154542729486671
1.4 700 7.263489357222768
1.5 700 7.358924651254475
1.6 700 7.609006170285164
1.7 700 7.7274475235341535
1.8 700 7.829358416757806
1.9 700 7.918679491885791
2.0 700 8.12152043549513
2.1 700 8.814336941968993
2.2 700 9.031858245092074
2.3 700 9.305770452324552
2.4 700 9.72003360151905
2.5 700 10.086861201944236
2.6 700 10.606273936587847
2.8 700 11.765273648638278
3.0 700 13.157272942543301
3.5 700 16.762628661629034
4.0 700 24.635536697626723
