0.1 400 12.24058283810406
0.2 400 6.133585519506189
0.3 400 4.568806664216439
0.4 400 3.49817184524864
0.5 400 3.1146151715963
0.6 400 2.872083147107286
0.7 400 2.7249908912380696
0.8 400 2.650220856018716
0.9 400 2.555626949585937
1.0 400 2.4624929059541545
1.1 400 2.401028297592994
1.2 400 2.29682245922118
1.3 400 2.1920692801725017
1.4 400 2.086585351676176
1.5 400 1.9716460812555938
1.6 400 1.859523658438651
1.7 400 1.7644621900914228
1.8 400 1.6967352324573155
1.9 400 1.653330833298662
2.0 400 1.6328083587917532
2.1 400 1.6270659948845931
2.2 400 1.627540278385454
2.3 400 1.631410838723466
2.4 400 1.628897085972164
2.5 400 1.621230187580469
2.6 400 1.6094482594452852
2.8 400 1.5782531584000445
3.0 400 1.5667993870356354
3.5 400 1.6943336798631745
4.0 400 1.930807201569547
