0.1 600 5.932577190264435
0.2 600 3.9198018470931224
0.3 600 3.469993196301948
0.4 600 3.5429104059318717
0.5 600 3.4808405209943207
0.6 600 3.2896031917587014
0.7 600 2.9880631139013913
0.8 600 2.7768253102284026
0.9 600 2.5391480504515567
1.0 600 2.3445787185480884
1.1 600 2.1682975164983636
1.2 600 1.9981718396349808
1.3 600 1.8545595569398174
1.4 600 1.7402094697149442
1.5 600 1.6685927150632707
1.6 600 1.6301758109483262
1.7 600 1.5943668457164475
1.8 600 1.5857486225100996
1.9 600 1.587315018942484
2.0 600 1.5958534210977666
2.1 600 1.5808178821639713
2.2 600 1.6073972706922697
2.3 600 1.6057331924211715
2.4 600 1.6092485849944547
2.5 600 1.645144944141661
2.6 600 1.6978075637610928
2.8 600 1.7743303159424473
3.0 600 1.865716540872378
3.5 600 2.4414093296197033
4.0 600 3.5317885474012316
