0.1 500 8.028622028406032
0.2 500 4.204661635519537
0.3 500 4.158419012381294
0.4 500 4.307145409216085
0.5 500 4.505710256750855
0.6 500 4.8766131521736025
0.7 500 4.981196155799147
0.8 500 5.20642267142321
0.9 500 5.410391278354164
1.0 500 5.69380194168269
1.1 500 6.014645731884465
1.2 500 6.048781124342255
1.3 500 6.284372632578486
1.4 500 6.716787868841144
1.5 500 6.774625064300028
1.6 500 6.8846696122706135
1.7 500 7.047781002179818
1.8 500 7.213902386991244
1.9 500 7.383266442824004
2.0 500 7.712198773469295
2.1 500 8.000386725780173
2.2 500 8.298702323546163
2.3 500 8.530307801686659
2.4 500 9.623249438785372
2.5 500 10.2162041263528
2.6 500 10.644637279080909
2.8 500 11.301962161585553
3.0 500 11.978680698465219
3.5 500 16.610826696184112
4.0 500 25.58733335776982
