0.1 700 5.852262765756786
0.2 700 4.273678286613657
0.3 700 3.6584830668938104
0.4 700 3.48483455244665
0.5 700 3.32439805292947
0.6 700 3.2305891154246233
0.7 700 2.9289111141560844
0.8 700 2.698978664615392
0.9 700 2.497568616035018
1.0 700 2.3098883490596367
1.1 700 2.169969394218807
1.2 700 2.0137186712922617
1.3 700 1.852848683344304
1.4 700 1.7490133808820625
1.5 700 1.6860397402745904
1.6 700 1.6465718974409365
1.7 700 1.6114179169883314
1.8 700 1.5858571334023919
1.9 700 1.5686852990265021
2.0 700 1.5626692130916053
2.1 700 1.544548702443735
2.2 700 1.5647367165529869
2.3 700 1.5419692828353317
2.4 700 1.553594577440947
2.5 700 1.5725903107460235
2.6 700 1.6326150793455927
2.8 700 1.7196839751654585
3.0 700 1.788081997247441
3.5 700 2.2864958620222864
4.0 700 3.242636997810892
