0.1 600 29.078809743473812
0.2 600 24.634386390300246
0.3 600 19.379462821005188
0.4 600 13.767851875363565
0.5 600 9.516419145630971
0.6 600 13.67473855657976
0.7 600 15.624045464571893
0.8 600 8.613755624270127
0.9 600 11.020239196081159
1.0 600 9.027978814990883
1.1 600 9.155436337050405
1.2 600 9.037280697575627
1.3 600 8.99034395262002
1.4 600 8.955749137079849
1.5 600 9.176168119602153
1.6 600 9.429022857608738
1.7 600 9.423212657501754
1.8 600 9.467948250656086
1.9 600 9.813384116759197
2.0 600 10.272462206032769
2.1 600 10.508063089016753
2.2 600 11.066788003707291
2.3 600 11.361314281398235
2.4 600 11.728513656383244
2.5 600 12.420698984634221
2.6 600 12.832251567926484
2.8 600 14.126483586744321
3.0 600 16.075687044969154
3.5 600 19.499947049027107
4.0 600 24.58114561178361
