0.1 600 6.058544114589995
0.2 600 3.6355310446036975
0.3 600 2.63582943997005
0.4 600 2.516137070571478
0.5 600 2.509349881580057
0.6 600 2.457080570719886
0.7 600 2.3188067848478022
0.8 600 2.212631979882511
0.9 600 2.1047239394645056
1.0 600 1.9921811295995657
1.1 600 1.8677128123050286
1.2 600 1.7204414023890244
1.3 600 1.625823553690965
1.4 600 1.5808860638378477
1.5 600 1.5676491583178527
1.6 600 1.5596203025076558
1.7 600 1.5528974456452338
1.8 600 1.5518512752168057
1.9 600 1.5489968222158375
2.0 600 1.5616453085695285
2.1 600 1.5708202577582058
2.2 600 1.5853394513705104
2.3 600 1.6092458727631684
2.4 600 1.628511775124823
2.5 600 1.653147428515228
2.6 600 1.681716582641068
2.8 600 1.7571251617572485
3.0 600 1.8480278008521718
3.5 600 2.5153003766465734
4.0 600 3.588142347916356
