0.1 700 5.858242301616215
0.2 700 4.274099440192824
0.3 700 3.6584946874454554
0.4 700 3.4848354963538
0.5 700 3.3243981104503235
0.6 700 3.230589119064268
0.7 700 2.928911114510046
0.8 700 2.6989786646295983
0.9 700 2.4975686160087553
1.0 700 2.3098883491174265
1.1 700 2.1699693942497635
1.2 700 2.013718671207936
1.3 700 1.852848683396937
1.4 700 1.7490133824358853
1.5 700 1.6860397402745904
1.6 700 1.6465718974409365
1.7 700 1.6114179169883314
1.8 700 1.5858571334023919
1.9 700 1.5686852990265021
2.0 700 1.5626692130916053
2.1 700 1.544548702443735
2.2 700 1.5647367165529869
2.3 700 1.5419692828353317
2.4 700 1.553594577440947
2.5 700 1.5725903107460235
2.6 700 1.6326150793455927
2.8 700 1.7196839751654585
3.0 700 1.788081997247441
3.5 700 2.2864958620222864
4.0 700 3.242636997810892
