0.1 300 13.766503430807564
0.2 300 7.324597734640639
0.3 300 4.904749148224892
0.4 300 3.7969896840026336
0.5 300 3.264784043677059
0.6 300 2.9456317608367164
0.7 300 2.468325317287936
0.8 300 2.1830348120896104
0.9 300 2.0140401141429938
1.0 300 1.9138893330874027
1.1 300 1.7847108799967346
1.2 300 1.6199486523022617
1.3 300 1.4713954484797898
1.4 300 1.3885024345281054
1.5 300 1.3703591900255934
1.6 300 1.3873393787891746
1.7 300 1.4142888750242952
1.8 300 1.438211693600852
1.9 300 1.4509385726847126
2.0 300 1.4556757490492072
2.1 300 1.4857619481580442
2.2 300 1.5388235607029979
2.3 300 1.595896639030419
2.4 300 1.6578844837581854
2.5 300 1.724738740799318
2.6 300 1.800744208352883
2.8 300 1.986836329328256
3.0 300 2.362727727310323
3.5 300 3.8761284772907847
4.0 300 6.249614319232743
