0.1 400 12.889349747816317
0.2 400 6.112478874252454
0.3 400 4.306877164115745
0.4 400 3.224415721217642
0.5 400 2.809871431523913
0.6 400 2.523598465970067
0.7 400 2.340215509393485
0.8 400 2.157219298106823
0.9 400 2.041968836774021
1.0 400 1.9238267327593224
1.1 400 1.777823628764771
1.2 400 1.6504335555357812
1.3 400 1.5424048297774762
1.4 400 1.4421811654581551
1.5 400 1.3920709065230208
1.6 400 1.3962131334414576
1.7 400 1.4156309400431761
1.8 400 1.4348022821071063
1.9 400 1.44684132738394
2.0 400 1.4461832399956227
2.1 400 1.4575274150342217
2.2 400 1.4704540615022614
2.3 400 1.4932705710275496
2.4 400 1.5259119946201123
2.5 400 1.5718752476696871
2.6 400 1.6179090811912336
2.8 400 1.7408684843772757
3.0 400 1.912621937832629
3.5 400 3.115680797791381
4.0 400 4.628221868750051
