0.1 400 20.669815084109104
0.2 400 13.695494187945616
0.3 400 11.305204961906117
0.4 400 6.839861593970888
0.5 400 11.956416644201552
0.6 400 9.438513370548478
0.7 400 5.329154441546947
0.8 400 5.525735200924143
0.9 400 5.646326445497562
1.0 400 6.1785938801533655
1.1 400 6.292242675246133
1.2 400 6.318222163851426
1.3 400 6.368369839061977
1.4 400 6.484620762684181
1.5 400 6.881311508860129
1.6 400 7.021248323854321
1.7 400 7.030459893870888
1.8 400 7.221731610371692
1.9 400 7.408133659532623
2.0 400 7.701926807017179
2.1 400 8.166642410228594
2.2 400 8.954745720900583
2.3 400 9.472873975911266
2.4 400 10.022935273137788
2.5 400 10.65683912316637
2.6 400 11.124406848839214
2.8 400 12.175524579709728
3.0 400 12.84573089756292
3.5 400 17.398954921243465
4.0 400 27.485301728666972
