0.1 500 29.564265802833983
0.2 500 24.438092126236008
0.3 500 18.594440701580833
0.4 500 14.20784363110117
0.5 500 10.19365489479812
0.6 500 9.138058409567268
0.7 500 8.719093205110608
0.8 500 8.206171731699909
0.9 500 8.598018983462877
1.0 500 10.840232831768567
1.1 500 7.395942266317954
1.2 500 8.981803583871326
1.3 500 8.69457529135417
1.4 500 8.626696022145637
1.5 500 8.779202163090082
1.6 500 9.030506836900056
1.7 500 9.103959148109332
1.8 500 9.416770872712238
1.9 500 9.559778702130798
2.0 500 9.802249479634844
2.1 500 10.122494102921845
2.2 500 10.419422022522104
2.3 500 10.77240201876072
2.4 500 11.434039248489437
2.5 500 12.154295018711515
2.6 500 12.978689001648712
2.8 500 14.815021744552046
3.0 500 16.004023182421328
3.5 500 19.82325970477592
4.0 500 25.371473839814907
