0.1 600 6.211801240037037
0.2 600 4.334590300060595
0.3 600 3.7401438132084497
0.4 600 3.7113413099970165
0.5 600 3.56892840808701
0.6 600 3.335547907755239
0.7 600 3.012337814412167
0.8 600 2.788400533909266
0.9 600 2.545532407774277
1.0 600 2.34947260309201
1.1 600 2.1710843960041
1.2 600 2.0004250461385804
1.3 600 1.8560103807955828
1.4 600 1.7407496636351503
1.5 600 1.6687382808740927
1.6 600 1.630174050454541
1.7 600 1.5943201131802698
1.8 600 1.5857121706967274
1.9 600 1.5872900045841043
2.0 600 1.595840004241311
2.1 600 1.5808106847858192
2.2 600 1.6073941370663865
2.3 600 1.6057328437657965
2.4 600 1.609250341295014
2.5 600 1.6451433981851211
2.6 600 1.6978099603226902
2.8 600 1.7743290255903825
3.0 600 1.8657171415879765
3.5 600 2.441407979721802
4.0 600 3.5317961651489393
