0.1 400 6.94826618207879
0.2 400 3.7925312581254143
0.3 400 3.886682595754665
0.4 400 3.937259194882286
0.5 400 4.161913164399573
0.6 400 4.321219415389155
0.7 400 4.712825261373293
0.8 400 5.049930007445379
0.9 400 5.1649838136908315
1.0 400 5.308436840734912
1.1 400 5.49751989450256
1.2 400 5.4877291982036205
1.3 400 5.641605801934365
1.4 400 5.812781622735396
1.5 400 6.070977658274585
1.6 400 6.402656317741768
1.7 400 6.608563588379457
1.8 400 6.793958574370229
1.9 400 7.037745368753969
2.0 400 7.363442999058645
2.1 400 7.735340465956574
2.2 400 8.111547491269832
2.3 400 8.931455303098614
2.4 400 9.49151778525962
2.5 400 9.923775694837827
2.6 400 10.231913904695114
2.8 400 10.932598776162461
3.0 400 12.896466787969294
3.5 400 17.07051558878757
4.0 400 27.022836518395703
