0.1 700 7.209797667366471
0.2 700 5.113021770107318
0.3 700 4.38642712227839
0.4 700 4.832115380743591
0.5 700 5.115385984243412
0.6 700 5.354710035332084
0.7 700 5.5868973948636205
0.8 700 5.784230580992498
0.9 700 5.918280209159274
1.0 700 6.07152430684471
1.1 700 6.470292807560945
1.2 700 6.831985359387896
1.3 700 7.155560735382278
1.4 700 7.264219943664536
1.5 700 7.359317118495635
1.6 700 7.609164300234192
1.7 700 7.727288318719506
1.8 700 7.8291818763532355
1.9 700 7.918550149209768
2.0 700 8.121455011587829
2.1 700 8.814290287629598
2.2 700 9.03182876980256
2.3 700 9.305750263150026
2.4 700 9.720022534924725
2.5 700 10.086853326732511
2.6 700 10.60626943358058
2.8 700 11.765271548774072
3.0 700 13.157271865571516
3.5 700 16.762628338740043
4.0 700 24.635536692504072
