0.1 600 6.231928459792104
0.2 600 4.457502768295046
0.3 600 3.771738627525663
0.4 600 3.726557263471549
0.5 600 3.5710611883967096
0.6 600 3.336341074417739
0.7 600 3.0127019426240795
0.8 600 2.7885267890859975
0.9 600 2.5455898136996824
1.0 600 2.34950318803105
1.1 600 2.171096163224777
1.2 600 2.000431213835282
1.3 600 1.8560127627176368
1.4 600 1.7407501772716156
1.5 600 1.668738392414566
1.6 600 1.6301740492006722
1.7 600 1.5943200960898958
1.8 600 1.585712171335778
1.9 600 1.5872899735420603
2.0 600 1.5958399506848768
2.1 600 1.5808103297749794
2.2 600 1.607394123342946
2.3 600 1.605732885247526
2.4 600 1.6092502949255945
2.5 600 1.645141966989809
2.6 600 1.6978074426794
2.8 600 1.7743285993213362
3.0 600 1.8657171196702085
3.5 600 2.4414155510744324
4.0 600 3.5317910891761035
