0.1 700 21.24849858942918
0.2 700 15.335706255285098
0.3 700 8.152394285223897
0.4 700 13.257385853052023
0.5 700 10.238041190116778
0.6 700 5.931220345779549
0.7 700 6.327750103065188
0.8 700 6.3459235145052375
0.9 700 6.374418571668224
1.0 700 6.561345461144338
1.1 700 7.273775416423164
1.2 700 7.525817153032735
1.3 700 7.502635347810369
1.4 700 7.673417797047545
1.5 700 7.778306021464037
1.6 700 7.932180936444197
1.7 700 8.12192875249305
1.8 700 8.32351804598602
1.9 700 8.594930548277796
2.0 700 8.702569737958507
2.1 700 8.945866548400918
2.2 700 9.299635647232417
2.3 700 9.576732376119358
2.4 700 10.02225994275171
2.5 700 10.434701593053342
2.6 700 11.022256041236764
2.8 700 12.216560900644438
3.0 700 13.575388748754987
3.5 700 17.257887528026497
4.0 700 24.679702497565938
