0.1 500 88.80935217406306
0.2 500 44.25733879903903
0.3 500 44.26329354126298
0.4 500 47.27797131005917
0.5 500 51.57489873850494
0.6 500 57.52756009989037
0.7 500 60.44928397254262
0.8 500 63.41916388288198
0.9 500 65.97126512383691
1.0 500 72.62232599538729
1.1 500 78.08448151812867
1.2 500 82.88301608646411
1.3 500 86.5400983930256
1.4 500 91.10916686396196
1.5 500 97.08142491121683
1.6 500 99.70273884086653
1.7 500 102.88562483094695
1.8 500 114.87176783797565
1.9 500 130.79475273700717
2.0 500 137.70552034064906
2.1 500 138.202463783559
2.2 500 137.73096500965175
2.3 500 138.4933375094543
2.4 500 142.94628484277288
2.5 500 158.19469247710862
2.6 500 190.70212237799709
2.8 500 281.38183909259755
3.0 500 361.7745047690324
3.5 500 492.09109317405967
4.0 500 606.2540901263415
