0.1 700 26.447441215380852
0.2 700 18.998482315595385
0.3 700 14.391697761676955
0.4 700 9.099425705629692
0.5 700 16.02921616668081
0.6 700 14.614055499648225
0.7 700 11.061991654291793
0.8 700 7.416389298920894
0.9 700 8.371240409466777
1.0 700 8.213153324095659
1.1 700 8.15681856750936
1.2 700 8.379269559448838
1.3 700 8.5989930695611
1.4 700 8.658904293209071
1.5 700 8.567161888978386
1.6 700 8.818865341460235
1.7 700 8.868571707517969
1.8 700 9.171710430577813
1.9 700 9.307468435387086
2.0 700 9.341814320021873
2.1 700 9.445108546763171
2.2 700 9.733970677371625
2.3 700 10.240013300744927
2.4 700 10.696102709345986
2.5 700 11.602301018736274
2.6 700 11.914330563372358
2.8 700 12.797980828892724
3.0 700 13.92235106432076
3.5 700 18.612280566241328
4.0 700 25.826520552153756
