0.1 300 13.42391663163654
0.2 300 7.2189689650373
0.3 300 5.1142392268187775
0.4 300 4.201168280369311
0.5 300 3.589110583129225
0.6 300 3.425955145523489
0.7 300 3.14287342155105
0.8 300 2.8468254401161546
0.9 300 2.6616181198522773
1.0 300 2.495037011698226
1.1 300 2.3756367924174016
1.2 300 2.330095731746235
1.3 300 2.2427532306983466
1.4 300 2.0999214572678815
1.5 300 1.9490358839990822
1.6 300 1.8151453499866674
1.7 300 1.7110415351197739
1.8 300 1.6422639894794662
1.9 300 1.6054035159205764
2.0 300 1.5876806661467386
2.1 300 1.5928686013595257
2.2 300 1.593363728087011
2.3 300 1.5944365967273981
2.4 300 1.5869442220694063
2.5 300 1.589972573501769
2.6 300 1.591144069703123
2.8 300 1.6365731539188835
3.0 300 1.7136179925238537
3.5 300 1.9651676853964277
4.0 300 2.3692605451238595
