0.1 600 7.73798243051691
0.2 600 3.98240155957071
0.3 600 2.7701036492061677
0.4 600 2.634417708909206
0.5 600 2.6502161578867516
0.6 600 2.6200833205669523
0.7 600 2.444205921357551
0.8 600 2.3037774878588597
0.9 600 2.1972686697056862
1.0 600 2.069699701626961
1.1 600 1.9366142362943315
1.2 600 1.7955134863668762
1.3 600 1.6954204468446823
1.4 600 1.632057936393823
1.5 600 1.6008822807237484
1.6 600 1.5822604273533838
1.7 600 1.5628300506322703
1.8 600 1.5564955618911087
1.9 600 1.5578472620986001
2.0 600 1.565261698136153
2.1 600 1.5538963739503746
2.2 600 1.5756002367185808
2.3 600 1.5775435220099399
2.4 600 1.5903620415161572
2.5 600 1.6213057218916114
2.6 600 1.6688056381514729
2.8 600 1.7574400506652887
3.0 600 1.8519179421985097
3.5 600 2.4644881585121357
4.0 600 3.5420431675102346
