0.1 500 25.535935318814506
0.2 500 19.124149696172964
0.3 500 15.903196932860945
0.4 500 10.381992789241739
0.5 500 8.33836708063467
0.6 500 7.657026381204717
0.7 500 12.614154576557475
0.8 500 6.836028450385773
0.9 500 6.740620172414892
1.0 500 6.507710206215352
1.1 500 7.897177214784853
1.2 500 7.4794409946702265
1.3 500 7.608356791931533
1.4 500 7.992018491581688
1.5 500 8.27378547890991
1.6 500 8.597990115506466
1.7 500 8.947370505044004
1.8 500 9.076291549502551
1.9 500 9.022067676661868
2.0 500 9.183858642878986
2.1 500 9.517429459176624
2.2 500 9.925478788792995
2.3 500 10.418636215460698
2.4 500 11.013068453434437
2.5 500 11.663264637015738
2.6 500 11.838096224703357
2.8 500 12.92755063615487
3.0 500 14.641380340518037
3.5 500 19.146623527020587
4.0 500 26.54353638718608
