0.1 500 6.6850425266917535
0.2 500 4.6986863041440206
0.3 500 4.0036801227021925
0.4 500 3.70693608569107
0.5 500 3.5750187102897777
0.6 500 3.2914579335985157
0.7 500 3.014046112988496
0.8 500 2.756824128993793
0.9 500 2.482218102848342
1.0 500 2.291557041672274
1.1 500 2.129432264945789
1.2 500 1.9632195572898237
1.3 500 1.8212887107343645
1.4 500 1.729964212999154
1.5 500 1.6837154654173307
1.6 500 1.6498255233929493
1.7 500 1.6410004501640396
1.8 500 1.6224097874853132
1.9 500 1.6224934445491876
2.0 500 1.6178521912948831
2.1 500 1.5988706021811718
2.2 500 1.5877924282317204
2.3 500 1.6070058411883879
2.4 500 1.654010837946259
2.5 500 1.6872165311023672
2.6 500 1.7184286875731005
2.8 500 1.8075344777267905
3.0 500 1.950148305688797
3.5 500 2.592567883049993
4.0 500 4.155369623818651
