0.1 700 6.8937851327975235
0.2 700 3.653406044241402
0.3 700 2.4969675500466257
0.4 700 2.3530028139236427
0.5 700 2.3666642625654806
0.6 700 2.2989396891521254
0.7 700 2.2210272544888885
0.8 700 2.0758085334502785
0.9 700 1.9740099432682128
1.0 700 1.8661099783200985
1.1 700 1.7552370124821308
1.2 700 1.674761337487812
1.3 700 1.5767120509764216
1.4 700 1.517236820997089
1.5 700 1.4945693256178811
1.6 700 1.4993557686893129
1.7 700 1.496770978653343
1.8 700 1.492642966802368
1.9 700 1.4833454465470306
2.0 700 1.4881567860935028
2.1 700 1.5215033025891915
2.2 700 1.532434079314598
2.3 700 1.56320783778764
2.4 700 1.5976323398637655
2.5 700 1.6310940182062015
2.6 700 1.6640029982249387
2.8 700 1.7104615794270335
3.0 700 1.7967865530496525
3.5 700 2.294349255835789
4.0 700 3.498603157784044
