0.1 600 10.745344139724317
0.2 600 6.235424110969352
0.3 600 8.445459992831548
0.4 600 4.850884970654471
0.5 600 4.923509206872845
0.6 600 5.10346274761187
0.7 600 5.409563095783787
0.8 600 5.461373409030708
0.9 600 5.664665007701149
1.0 600 5.73805106458674
1.1 600 6.343232248375903
1.2 600 6.744175635633139
1.3 600 6.867485298195782
1.4 600 6.9368745948001
1.5 600 7.019927200424616
1.6 600 7.119489714164021
1.7 600 7.341175464465949
1.8 600 7.613396681280253
1.9 600 7.7479826916761105
2.0 600 7.882222299189951
2.1 600 8.123378211124402
2.2 600 8.376282156095712
2.3 600 9.328383648773215
2.4 600 9.686672042317197
2.5 600 10.09602428353598
2.6 600 10.668519335908238
2.8 600 12.176636260592081
3.0 600 13.637557393442094
3.5 600 16.440660219473386
4.0 600 21.23541418480667
