0.1 700 5.852772728948483
0.2 700 4.267939071895358
0.3 700 3.6580944142425733
0.4 700 3.4847700219157103
0.5 700 3.3243882442300112
0.6 700 3.2305875741400234
0.7 700 2.9289108020179375
0.8 700 2.6989786002735383
0.9 700 2.497568606662047
1.0 700 2.3098883477741428
1.1 700 2.1699693940235094
1.2 700 2.0137186709305945
1.3 700 1.8528486828588224
1.4 700 1.7490133804419685
1.5 700 1.6860397417622695
1.6 700 1.6465718995435048
1.7 700 1.6114179224810194
1.8 700 1.585857128643626
1.9 700 1.568685301236006
2.0 700 1.5626692148282566
2.1 700 1.5445487745377522
2.2 700 1.5647366276509629
2.3 700 1.541969327659855
2.4 700 1.553594577440947
2.5 700 1.5725903107460235
2.6 700 1.6326150793455927
2.8 700 1.7196839751654585
3.0 700 1.788081997247441
3.5 700 2.2864958620222864
4.0 700 3.242636997810892
