0.1 300 77.70509589227105
0.2 300 61.01524174877149
0.3 300 49.8732941858305
0.4 300 50.70390024198905
0.5 300 53.4151071687486
0.6 300 54.597354479081744
0.7 300 61.498025943731484
0.8 300 67.06682002853223
0.9 300 72.27610937280008
1.0 300 79.00682187610347
1.1 300 84.27773138016009
1.2 300 90.35439264782195
1.3 300 97.7838685384559
1.4 300 101.82991612465803
1.5 300 107.5615334962426
1.6 300 125.053806762272
1.7 300 141.24380721040913
1.8 300 144.69435783325116
1.9 300 143.55160133247094
2.0 300 143.38666118471423
2.1 300 149.15987364300835
2.2 300 168.1828719060585
2.3 300 204.84520594455483
2.4 300 251.14088766087863
2.5 300 289.44345261103973
2.6 300 317.1541844783365
2.8 300 357.0384315057722
3.0 300 391.10927291357825
3.5 300 493.47533809591795
4.0 300 619.2143038805275
