0.1 500 6.299509189700781
0.2 500 4.169382338065257
0.3 500 3.7082537277840677
0.4 500 3.525677865876413
0.5 500 3.497767451920135
0.6 500 3.249687116934531
0.7 500 2.9889594856518413
0.8 500 2.7445465286572466
0.9 500 2.476376388078225
1.0 500 2.286952270309439
1.1 500 2.1267422324476346
1.2 500 1.9613955703863468
1.3 500 1.8204515030454667
1.4 500 1.7296613972566262
1.5 500 1.6836353469691905
1.6 500 1.649827833866011
1.7 500 1.641024289452635
1.8 500 1.622440172325553
1.9 500 1.6225156837244703
2.0 500 1.6178693009653278
2.1 500 1.5988794395844301
2.2 500 1.587797239166258
2.3 500 1.6070077919154808
2.4 500 1.654012641644482
2.5 500 1.6872180661827756
2.6 500 1.7184303065147766
2.8 500 1.8075338001825472
3.0 500 1.950150321331731
3.5 500 2.5925608142349748
4.0 500 4.155380929391531
