0.1 400 7.304263270698118
0.2 400 4.916394705426985
0.3 400 4.307696427394077
0.4 400 3.8757739883090965
0.5 400 3.730230918379381
0.6 400 3.4247813385518118
0.7 400 3.208044776643872
0.8 400 2.9262018325076555
0.9 400 2.6572427068280935
1.0 400 2.390576443148614
1.1 400 2.1331917005136085
1.2 400 1.9262591327182568
1.3 400 1.8010158052790863
1.4 400 1.7381282554228203
1.5 400 1.7039194564303985
1.6 400 1.6725558300700947
1.7 400 1.6547496027198412
1.8 400 1.635533359834103
1.9 400 1.6147665928682153
2.0 400 1.5963593093889312
2.1 400 1.5938882623010142
2.2 400 1.6310061520636907
2.3 400 1.6683718531051837
2.4 400 1.7056811412496002
2.5 400 1.7457939790859567
2.6 400 1.7972777981263783
2.8 400 1.94933136697283
3.0 400 2.144889348853779
3.5 400 3.177527714143478
4.0 400 5.475953803968239
