0.1 500 20.78419801428388
0.2 500 14.446767959545422
0.3 500 9.275111939074696
0.4 500 6.511198569449814
0.5 500 11.078863252626906
0.6 500 8.87027179201786
0.7 500 5.855616342113228
0.8 500 5.68816059702827
0.9 500 5.628970688565701
1.0 500 5.871754517515001
1.1 500 6.380243977122345
1.2 500 6.583876352928442
1.3 500 6.881150424301839
1.4 500 7.366167576761881
1.5 500 7.711507086204103
1.6 500 7.676993861943198
1.7 500 7.6689388519786785
1.8 500 7.74018766659365
1.9 500 7.934867537367095
2.0 500 8.770728832313576
2.1 500 9.121625707955337
2.2 500 9.29774944617869
2.3 500 9.605936035335974
2.4 500 9.98826746997735
2.5 500 10.614633173516587
2.6 500 11.205761667135093
2.8 500 12.364061281081616
3.0 500 13.35146149174716
3.5 500 17.247056872500387
4.0 500 26.090705243794634
