0.1 500 10.344955135881039
0.2 500 6.389081985671235
0.3 500 4.415910224030738
0.4 500 4.5918056608224385
0.5 500 4.5777507679689435
0.6 500 4.916464876684774
0.7 500 5.1032203285122
0.8 500 5.309984347319314
0.9 500 5.515672830929786
1.0 500 5.708374365431195
1.1 500 6.0103342786794975
1.2 500 6.044407326451466
1.3 500 6.452852794217426
1.4 500 6.718528671830411
1.5 500 6.7836190863059
1.6 500 6.90358655165522
1.7 500 7.06151382401075
1.8 500 7.224022647779949
1.9 500 7.393538450690647
2.0 500 7.72297044315759
2.1 500 8.0090549185823
2.2 500 8.306543655395757
2.3 500 8.537341141215704
2.4 500 9.62911490932541
2.5 500 10.221646215466647
2.6 500 10.649597236104482
2.8 500 11.306372811555567
3.0 500 11.980143614255647
3.5 500 16.610970014897255
4.0 500 25.587046220279557
