0.1 400 7.332296944091864
0.2 400 4.9106631925845114
0.3 400 4.307316524562427
0.4 400 3.875725000071422
0.5 400 3.7302274477119473
0.6 400 3.4247801124416357
0.7 400 3.208044691500911
0.8 400 2.926201812469777
0.9 400 2.6572427004014654
1.0 400 2.390576442391351
1.1 400 2.13319170044307
1.2 400 1.9262591328387937
1.3 400 1.8010158055601555
1.4 400 1.7381282562532507
1.5 400 1.7039194559541164
1.6 400 1.6725558295251246
1.7 400 1.6547496054629065
1.8 400 1.6355333884107954
1.9 400 1.6147666015559525
2.0 400 1.5963594655599116
2.1 400 1.593888345662948
2.2 400 1.6310063475274839
2.3 400 1.6683719691971506
2.4 400 1.7056811412496002
2.5 400 1.7457939790859567
2.6 400 1.7972777981263783
2.8 400 1.94933136697283
3.0 400 2.144889348853779
3.5 400 3.177527714143478
4.0 400 5.475953803968239
