0.1 600 11.799718801201303
0.2 600 5.238857384071721
0.3 600 3.5320883942619097
0.4 600 2.7337658133596974
0.5 600 2.566274182152946
0.6 600 2.4256505614919486
0.7 600 2.3047397165256056
0.8 600 2.1897593003095666
0.9 600 2.0181737012407295
1.0 600 1.8861693356467368
1.1 600 1.7751419852631543
1.2 600 1.6584124413700836
1.3 600 1.5508799673174736
1.4 600 1.4405656808585527
1.5 600 1.3808876170740285
1.6 600 1.3582751107076256
1.7 600 1.36271604634226
1.8 600 1.3666436351558655
1.9 600 1.3772778181321554
2.0 600 1.384621059658709
2.1 600 1.3980597221920443
2.2 600 1.4175509144486058
2.3 600 1.449947491703032
2.4 600 1.4884481693755753
2.5 600 1.530640868286599
2.6 600 1.5711162765178364
2.8 600 1.638555057229838
3.0 600 1.7432390547109007
3.5 600 2.2578257577325966
4.0 600 3.71111615834455
