0.1 500 28.193167014170903
0.2 500 21.662738361362546
0.3 500 18.68727940380149
0.4 500 16.651836891024764
0.5 500 13.551042433266026
0.6 500 15.559675431855476
0.7 500 11.123669594375984
0.8 500 18.811965326842724
0.9 500 9.20110240220936
1.0 500 17.574397630718362
1.1 500 12.453056619255216
1.2 500 13.696903040145287
1.3 500 9.411555983948315
1.4 500 8.485372682123666
1.5 500 9.271433911655025
1.6 500 9.210644968683104
1.7 500 9.433356806970714
1.8 500 9.503371608866317
1.9 500 9.597307461870107
2.0 500 9.555743238716227
2.1 500 9.67865926389924
2.2 500 11.493902977113333
2.3 500 11.816286084876722
2.4 500 12.227242306718393
2.5 500 12.697059631937918
2.6 500 13.551427465243206
2.8 500 15.053008618789653
3.0 500 16.749082051640368
3.5 500 21.167461239538635
4.0 500 25.986408102610575
