0.1 700 10.634102096380037
0.2 700 5.04139707716234
0.3 700 3.5017329422544323
0.4 700 2.685415478682201
0.5 700 2.528843456226803
0.6 700 2.458375275623002
0.7 700 2.5013727963955423
0.8 700 2.4726827575849755
0.9 700 2.4448847362090254
1.0 700 2.3738963845060796
1.1 700 2.261586592258678
1.2 700 2.1718924208909547
1.3 700 2.10784389117295
1.4 700 2.007304017668576
1.5 700 1.9374383617133388
1.6 700 1.8845207739131624
1.7 700 1.8081598170382773
1.8 700 1.7224483248123634
1.9 700 1.6597093320476666
2.0 700 1.6200268620210787
2.1 700 1.594904159678244
2.2 700 1.5769331678170695
2.3 700 1.5646142141654935
2.4 700 1.5562243558136815
2.5 700 1.5474597392587337
2.6 700 1.5371253424448592
2.8 700 1.5212684591193117
3.0 700 1.528410631158623
3.5 700 1.5668700372371065
4.0 700 1.7058930150819989
