0.1 400 9.157932125326584
0.2 400 4.672177319785302
0.3 400 3.339008800406783
0.4 400 2.9454454374282206
0.5 400 2.7397602687295173
0.6 400 2.638142341736687
0.7 400 2.500393487299118
0.8 400 2.393792830058384
0.9 400 2.236161090019196
1.0 400 2.0759701524973564
1.1 400 1.9079119483317872
1.3 400 1.6875415178205249
1.4 400 1.6522929459297602
1.5 400 1.6440971842979841
1.6 400 1.6430864264263358
1.7 400 1.6340054227323657
1.8 400 1.6183012180117862
1.9 400 1.5975243697813308
2.0 400 1.5755772796315777
2.1 400 1.5718928524672693
2.2 400 1.6098501593828503
2.3 400 1.6510102997587603
2.4 400 1.6820581187282073
2.5 400 1.7199115597519417
2.6 400 1.7737921310991351
2.8 400 1.9367749388419877
3.0 400 2.1566725476262967
3.5 400 3.182163886933672
4.0 400 5.482009025036246
