0.1 600 6.749205672174217
0.2 600 3.7095641227086045
0.3 600 2.8737926315576403
0.4 600 2.8153738451908303
0.5 600 2.8422846864713476
0.6 600 2.806426201067669
0.7 600 2.6039279719151947
0.8 600 2.4740359788399724
0.9 600 2.3451773374907634
1.0 600 2.1916836133334043
1.1 600 2.0428854096435485
1.2 600 1.8949920408188892
1.3 600 1.7860990539947057
1.4 600 1.7030240716262484
1.5 600 1.6592335228070183
1.6 600 1.6233422688998145
1.7 600 1.5935390191271712
1.8 600 1.584625347212466
1.9 600 1.5859885908272227
2.0 600 1.5920409009300613
2.1 600 1.5762601462951464
2.2 600 1.5706842598562563
2.3 600 1.5986226225639462
2.4 600 1.6022016210479515
2.5 600 1.6375410893667528
2.6 600 1.6896016867410215
2.8 600 1.7715752100115318
3.0 600 1.8633903597022377
3.5 600 2.443360592890997
4.0 600 3.5315014060299847
