0.1 600 18.24969024608536
0.2 600 14.167449019719129
0.3 600 7.646414598799906
0.4 600 8.421296142425767
0.5 600 7.835815157974811
0.6 600 8.20058978478855
0.7 600 8.54034833782136
0.8 600 8.402004490965135
0.9 600 8.643780507249815
1.0 600 9.271995973430409
1.1 600 9.949540135058719
1.2 600 10.213617770000745
1.3 600 10.185974977388913
1.4 600 10.47848147295924
1.5 600 11.341994760090179
1.6 600 12.336111776010492
1.7 600 12.77760589637139
1.8 600 12.792738676989066
1.9 600 13.016181533324634
2.0 600 13.685230456595335
2.1 600 13.08615143866006
2.2 600 13.253737620887254
2.3 600 14.070816663754862
2.4 600 15.988844357377658
2.5 600 15.022140236995831
2.6 600 16.048713034348363
2.8 600 17.886042035458694
3.0 600 19.482388612910714
3.5 600 24.410986380959045
4.0 600 44.31069908478251
