0.1 600 7.542364924926319
0.2 600 4.788810627718346
0.3 600 3.9159415390798107
0.4 600 3.8495308066565452
0.5 600 3.889810515385567
0.6 600 3.8568761320417564
0.7 600 3.609031136929905
0.8 600 3.3017681717036584
0.9 600 3.0450301881054114
1.0 600 2.8424987844034626
1.1 600 2.64008256517424
1.2 600 2.452166225855518
1.3 600 2.312180418891676
1.4 600 2.235766549909044
1.5 600 2.2094478590196807
1.6 600 2.2175223513030167
1.7 600 2.2340645023367136
1.8 600 2.2359683378889974
1.9 600 2.2774957376301166
2.0 600 2.321103314335567
2.1 600 2.391725119295959
2.2 600 2.464804369180586
2.3 600 2.537067960283348
2.4 600 2.527548986984184
2.5 600 2.5462274287231663
2.6 600 2.578216193306595
2.8 600 2.596376164278381
3.0 600 2.625470117499538
3.5 600 3.4260599248157306
4.0 600 5.027395529225279
