0.1 600 42.499093647071696
0.2 600 37.97972789503384
0.3 600 36.10312499252211
0.4 600 36.56600542315087
0.5 600 25.880999059569852
0.6 600 21.079959403665736
0.7 600 18.870972046121437
0.8 600 17.517428456724833
0.9 600 30.265528924885242
1.0 600 14.730707365367183
1.1 600 15.0476706771639
1.2 600 14.459754399726622
1.3 600 13.817897055161664
1.4 600 13.514847315852839
1.5 600 13.470235896745876
1.6 600 13.658367047340114
1.7 600 13.90145477588343
1.8 600 13.836973684693668
1.9 600 13.878119588131034
2.0 600 13.862963240833988
2.1 600 14.10289035251129
2.2 600 14.78306289412544
2.3 600 15.449032028350322
2.4 600 16.34885800706505
2.5 600 16.987283134496053
2.6 600 17.637139217106146
2.8 600 19.308927289193477
3.0 600 21.293577721397902
3.5 600 27.747599331498733
4.0 600 36.2151154352444
