0.1 700 87.56325020214167
0.2 700 68.98105970370028
0.3 700 70.98776256594587
0.4 700 72.51267010118909
0.5 700 74.33251455480755
0.6 700 81.21199957664504
0.7 700 85.43616687033891
0.8 700 88.5547706019939
0.9 700 91.81529723706848
1.0 700 94.02927868336016
1.1 700 100.01401544959157
1.2 700 106.00160564427355
1.3 700 110.89697119789402
1.4 700 113.59090609032377
1.5 700 116.95367483015285
1.6 700 121.37149267621554
1.7 700 123.95845863312745
1.8 700 125.513248270511
1.9 700 133.2416845128791
2.0 700 148.48040089202527
2.1 700 158.8307514635258
2.2 700 162.45553068393474
2.3 700 163.5290086446611
2.4 700 164.44626599064537
2.5 700 166.4467906403023
2.6 700 171.76199505105552
2.8 700 229.97833510340516
3.0 700 335.32313770038417
3.5 700 617.151793280582
4.0 700 740.6677630086106
