0.1 400 11.627848596997735
0.2 400 6.3190902066881725
0.3 400 4.527396826694986
0.4 400 3.9558415888223766
0.5 400 3.802631739414692
0.6 400 3.6054122472191477
0.7 400 3.326253595482266
0.8 400 3.1326652552981806
0.9 400 2.9285462357277403
1.0 400 2.6948384682880406
1.1 400 2.4416711426016646
1.2 400 2.2820686209960575
1.3 400 2.2037132546262006
1.4 400 2.227404392645649
1.5 400 2.262661384081295
1.6 400 2.2777158010908707
1.7 400 2.3086248268593597
1.8 400 2.350586961808016
1.9 400 2.4162073331158096
2.0 400 2.46560513816838
2.1 400 2.5100783707546452
2.2 400 2.5444907964868912
2.3 400 2.558951606627842
2.4 400 2.550021635923375
2.5 400 2.5500472080117196
2.6 400 2.5875215645229543
2.8 400 2.753226200542191
3.0 400 3.0086417177478664
3.5 400 4.314173857069808
4.0 400 7.350967827140685
