0.1 300 126.20720660371879
0.2 300 78.63014312039545
0.3 300 74.265250597277
0.4 300 78.14363636464117
0.5 300 79.33518818051809
0.6 300 81.54378166873765
0.7 300 88.12943819117244
0.8 300 92.30743713967016
0.9 300 97.56273408305394
1.0 300 105.03973140997947
1.1 300 111.16592579886066
1.2 300 115.99413309196312
1.3 300 121.87362788262294
1.4 300 126.59708152648227
1.5 300 131.80646610379245
1.6 300 147.6104039849856
1.7 300 169.4885920848266
1.8 300 175.2475279460584
1.9 300 172.6900478541555
2.0 300 169.79157426852194
2.1 300 171.64799188236236
2.2 300 190.27653120278137
2.3 300 238.30080670071618
2.4 300 302.5072433908455
2.5 300 359.0477863108653
2.6 300 401.4088889598145
2.8 300 461.1110872281195
3.0 300 507.4918617047893
3.5 300 626.1018153755714
4.0 300 745.9586005855521
