0.1 700 13.465925767640663
0.2 700 6.72018104092381
0.3 700 4.839272731838887
0.4 700 3.6670799978158635
0.5 700 3.487834924679683
0.6 700 3.4359521834825397
0.7 700 3.4542693418157935
0.8 700 3.3832225152337827
0.9 700 3.30820483932783
1.0 700 3.2114382323916963
1.1 700 3.049297103867669
1.2 700 2.88561675049291
1.3 700 2.723023585082563
1.4 700 2.555036876487687
1.5 700 2.477131627531462
1.6 700 2.4118423575944608
1.7 700 2.312844758798537
1.8 700 2.222691033574379
1.9 700 2.1676893108133726
2.0 700 2.14621653078645
2.1 700 2.1436071009029685
2.2 700 2.167274234241279
2.3 700 2.174960370171543
2.4 700 2.1837130143841015
2.5 700 2.188343230118058
2.6 700 2.1861930509894627
2.8 700 2.1983685800470774
3.0 700 2.294035582491454
3.5 700 2.629399014123048
4.0 700 2.72739570557809
