0.1 700 43.37120953208921
0.2 700 37.73735427071857
0.3 700 34.27984617721391
0.4 700 31.01612816593303
0.5 700 20.582035739322343
0.6 700 17.697247471430583
0.7 700 19.07403631359749
0.8 700 18.393010907302035
0.9 700 16.225698441605086
1.0 700 12.637232624079976
1.1 700 12.507978664251198
1.2 700 12.651513069780409
1.3 700 12.757391427792207
1.4 700 12.916314262629815
1.5 700 13.038640698518584
1.6 700 13.172415376652117
1.7 700 13.34165062816575
1.8 700 13.566071177901323
1.9 700 13.872355549933188
2.0 700 13.862346193045203
2.1 700 13.9199748002345
2.2 700 14.241361708573526
2.3 700 14.831529001246606
2.4 700 15.568919892423766
2.5 700 16.35114471264584
2.6 700 17.10278246125079
2.8 700 18.074869314986586
3.0 700 20.027761104682625
3.5 700 25.800552209320777
4.0 700 33.72763236811243
