0.1 600 9.458368196596679
0.2 600 5.4422196975522175
0.3 600 3.584538680935252
0.4 600 3.33929084429215
0.5 600 3.2976058817967537
0.6 600 3.241340312303595
0.7 600 3.0294499456757618
0.8 600 2.760506965209414
0.9 600 2.5332352803342038
1.0 600 2.3964131991073194
1.1 600 2.3153761678025067
1.2 600 2.169168972948263
1.3 600 2.0720884185359343
1.4 600 2.04749562192345
1.5 600 2.0830021168856963
1.6 600 2.143269615949489
1.7 600 2.164090060298196
1.8 600 2.1674364749494477
1.9 600 2.1936744308222393
2.0 600 2.219099051719099
2.1 600 2.294452594720209
2.2 600 2.4514477744429453
2.3 600 2.658537069956422
2.4 600 2.951139462566045
2.5 600 3.051553185552906
2.6 600 3.1777481009171207
2.8 600 3.1076896701399703
3.0 600 2.8662056663277338
3.5 600 3.478836978844813
4.0 600 5.280726143368638
