0.1 600 42.81474981493045
0.2 600 35.02348299219111
0.3 600 38.89010049127907
0.4 600 39.72411531021395
0.5 600 28.654361931292513
0.6 600 23.801425988069873
0.7 600 20.988607143358035
0.8 600 20.5929268957039
0.9 600 29.367466486930677
1.0 600 18.069280707866334
1.1 600 18.86141753834703
1.2 600 17.58626852990478
1.3 600 15.648813075521343
1.4 600 14.574089104049207
1.5 600 13.923318142592697
1.6 600 13.744328335553575
1.7 600 13.990140113292332
1.8 600 14.378569131277104
1.9 600 14.488837504249933
2.0 600 14.340201097962641
2.1 600 14.409013741620235
2.2 600 14.968597424059716
2.3 600 15.521802708550943
2.4 600 16.269828031505657
2.5 600 17.077821249651628
2.6 600 17.945658559630843
2.8 600 19.820934036594647
3.0 600 21.708053524782684
3.5 600 28.066742977170556
4.0 600 40.07096303032592
