0.1 700 7.580622476249468
0.2 700 5.539990775905618
0.3 700 4.818394394600525
0.4 700 4.642692453064262
0.5 700 4.358405980926861
0.6 700 4.213756706729125
0.7 700 3.896162115778035
0.8 700 3.5740857411368525
0.9 700 3.248884062374588
1.0 700 2.972927371179076
1.1 700 2.8066646098283146
1.2 700 2.6242487224870077
1.3 700 2.432378667816624
1.4 700 2.304761091971214
1.5 700 2.239508626045649
1.6 700 2.2132422021470943
1.7 700 2.1931744482911597
1.8 700 2.194706029196593
1.9 700 2.212139585239668
2.0 700 2.2614101894547343
2.1 700 2.3165840759719125
2.2 700 2.414269341130465
2.3 700 2.4660391006185827
2.4 700 2.544613334404777
2.5 700 2.5804744977516885
2.6 700 2.581590119351431
2.8 700 2.598327716600623
3.0 700 2.593964366237045
3.5 700 3.162989796690044
4.0 700 4.624686677465089
