0.1 700 36.31233822758532
0.2 700 26.0640437080657
0.3 700 27.8250952102177
0.4 700 15.717615826255328
0.5 700 17.691163931010813
0.6 700 16.70159244713062
0.7 700 12.18425621347526
0.8 700 10.172111292150964
0.9 700 10.35104564849384
1.0 700 10.59372219892501
1.1 700 10.90523369456003
1.2 700 11.559907138281082
1.3 700 11.649764247413378
1.4 700 12.03441754074343
1.5 700 12.200199614156219
1.6 700 12.240535340580035
1.7 700 12.544205928699474
1.8 700 13.071635686488852
1.9 700 13.595505934735096
2.0 700 13.33039100572079
2.1 700 13.236365237564776
2.2 700 13.107639446707658
2.3 700 13.382973274622627
2.4 700 13.877119674398632
2.5 700 14.524258636412304
2.6 700 15.595692517817467
2.8 700 19.22628990133607
3.0 700 22.232890229437572
3.5 700 27.274332312499414
4.0 700 38.378550795598635
