0.1 700 8.155715560086826
0.2 700 4.679396310015418
0.3 700 3.717152485634123
0.4 700 3.6624012948890368
0.5 700 3.67167214084894
0.6 700 3.601263096532394
0.7 700 3.4907229909809896
0.8 700 3.2449727690335113
0.9 700 2.9768293511959167
1.0 700 2.762235126433474
1.1 700 2.6057660436351093
1.2 700 2.4400776290581807
1.3 700 2.308949603455139
1.4 700 2.2335097442538983
1.5 700 2.199833222705859
1.6 700 2.2019916855105137
1.7 700 2.191894735123396
1.8 700 2.1984259715288443
1.9 700 2.213951963182645
2.0 700 2.266921591711254
2.1 700 2.3294507671658597
2.2 700 2.4062959548604343
2.3 700 2.4855789736147242
2.4 700 2.5659307303826724
2.5 700 2.604798407506344
2.6 700 2.608713369632524
2.8 700 2.6158921808695954
3.0 700 2.5993103573017198
3.5 700 3.161600364871136
4.0 700 4.624083321104243
