0.1 400 13.183289200839454
0.2 400 6.697837339766589
0.3 400 4.973750223356354
0.4 400 3.884296540607185
0.5 400 3.512188109310928
0.6 400 3.320329273726838
0.7 400 3.0242348915499013
0.8 400 2.7735212515938024
0.9 400 2.586800566014457
1.0 400 2.4502030922905726
1.1 400 2.271857734162152
1.2 400 2.081266613769252
1.3 400 1.9797427251272846
1.4 400 2.004516304180961
1.5 400 2.091978687020481
1.6 400 2.1723475753527195
1.7 400 2.1838530062930226
1.8 400 2.2170627665677696
1.9 400 2.2408103907623493
2.0 400 2.344416394361752
2.1 400 2.4525652039300083
2.2 400 2.5657123326564526
2.3 400 2.634530685802711
2.4 400 2.6765189432610423
2.5 400 2.6603920202663724
2.6 400 2.6084887449138265
2.8 400 2.617860338780375
3.0 400 2.8494633591442837
3.5 400 4.657951374287217
4.0 400 7.0150562960254925
