0.1 500 98.63023744876045
0.2 500 67.60724821335121
0.3 500 69.60687947973625
0.4 500 70.68004199828177
0.5 500 77.51729352369944
0.6 500 82.69946740931175
0.7 500 85.11017917894378
0.8 500 87.25786325600477
0.9 500 90.2060696092234
1.0 500 97.44426549300383
1.1 500 104.47430748655954
1.2 500 110.04369109314327
1.3 500 113.67204530126698
1.4 500 117.19385831184856
1.5 500 121.99239435617578
1.6 500 124.40295138177866
1.7 500 126.22524323788036
1.8 500 135.91059715978975
1.9 500 154.70087827994195
2.0 500 164.804907375484
2.1 500 165.6827281800502
2.2 500 164.36114362167868
2.3 500 163.74808692057456
2.4 500 166.29092213490839
2.5 500 180.29904005052623
2.6 500 220.35862167977731
2.8 500 344.96187056423764
3.0 500 458.5384686487706
3.5 500 625.0505752513988
4.0 500 740.7754928478913
