0.1 500 19.203750713322407
0.2 500 15.420234933454115
0.3 500 6.88587170598036
0.4 500 8.381303323934791
0.5 500 7.547594866013342
0.6 500 7.711320947060313
0.7 500 7.775633105224872
0.8 500 8.298332655182236
0.9 500 9.03571273501462
1.0 500 9.169890279598086
1.1 500 9.439751756804833
1.2 500 9.641832244279657
1.3 500 9.92910613939669
1.4 500 10.737963614058225
1.5 500 11.572433231896316
1.6 500 12.219430927629102
1.7 500 12.69072499369312
1.8 500 12.843792482362911
1.9 500 12.628341265573154
2.0 500 12.23292434861758
2.1 500 12.226879557950818
2.2 500 12.92364180774732
2.3 500 13.789966765168268
2.4 500 13.604301500404704
2.5 500 14.104890379206115
2.6 500 14.571687606932729
2.8 500 15.2912269633724
3.0 500 16.83857715343243
3.5 500 26.776371598661086
4.0 500 42.88078330019638
