0.1 600 47.3262659083009
0.2 600 37.079576688241076
0.3 600 29.83942333235444
0.4 600 31.28319623925608
0.5 600 30.573776817377215
0.6 600 22.618575773408924
0.7 600 15.77148113410878
0.8 600 17.393496086870663
0.9 600 15.467616341921323
1.0 600 12.60931224702763
1.1 600 11.390969693544072
1.2 600 11.374141913078734
1.3 600 11.04503493000164
1.4 600 11.625920642467277
1.5 600 12.02455400058983
1.6 600 12.274231616303869
1.7 600 12.335201537467626
1.8 600 12.046430561406765
1.9 600 11.667324385865667
2.0 600 11.748806531833944
2.1 600 12.462428566886436
2.2 600 12.63400975525106
2.3 600 12.776419461345748
2.4 600 12.928773957417842
2.5 600 13.030784665440185
2.6 600 13.28209197470086
2.8 600 13.995793274698036
3.0 600 14.184034643037647
3.5 600 15.044964244751489
4.0 600 18.18492778919692
