0.1 300 266.52878248483097
0.2 300 123.5373578524631
0.3 300 74.25376303258389
0.4 300 71.5263917995857
0.5 300 77.4956206476304
0.6 300 82.360511496605
0.7 300 85.94715109418838
0.8 300 91.69336727776044
0.9 300 95.96648505976604
1.0 300 103.4682228277541
1.1 300 111.15718192860946
1.2 300 115.86456675784838
1.3 300 120.98844428283813
1.4 300 126.14143007606076
1.5 300 129.31535077895944
1.6 300 139.86861192633597
1.7 300 161.70349619114478
1.8 300 170.61160751574315
1.9 300 169.79552868189754
2.0 300 168.01091963492175
2.1 300 170.01276419939512
2.2 300 187.0050870687405
2.3 300 233.1967125408348
2.4 300 297.926213970705
2.5 300 357.0768263753952
2.6 300 402.63132571933
2.8 300 466.2914497674125
3.0 300 512.9734744043469
3.5 300 629.4388853949658
4.0 300 747.3414680580223
