0.1 600 7.722756133499539
0.2 600 5.147877803638981
0.3 600 4.640216810888004
0.4 600 4.584030134430871
0.5 600 4.47696989731635
0.6 600 4.30241619432293
0.7 600 3.9349738467202675
0.8 600 3.575029614085026
0.9 600 3.2052578497958613
1.0 600 3.012132029725354
1.1 600 2.830491605630554
1.2 600 2.624439818132383
1.3 600 2.4266555278164597
1.4 600 2.303279117414994
1.5 600 2.2447923829907515
1.6 600 2.2202388613629
1.7 600 2.221802820011407
1.8 600 2.226960813729264
1.9 600 2.2671807325769437
2.0 600 2.326813272619436
2.1 600 2.371218878093488
2.2 600 2.440040440536863
2.3 600 2.5090217181441665
2.4 600 2.502367995070829
2.5 600 2.5239264355746722
2.6 600 2.5601056905484914
2.8 600 2.5912984060303255
3.0 600 2.6271903464068043
3.5 600 3.4247379956560766
4.0 600 5.028751747175733
