0.1 400 244.6205840328384
0.2 400 99.55291081415304
0.3 400 70.3013566861559
0.4 400 67.6504634370339
0.5 400 69.19325636932555
0.6 400 71.50819780523115
0.7 400 75.85072745541493
0.8 400 79.30006819532582
0.9 400 81.70221830546005
1.0 400 84.40941705375195
1.1 400 86.12185260619209
1.2 400 89.76292671404092
1.3 400 93.34753771987194
1.4 400 98.73915934004857
1.5 400 103.58859451911995
1.6 400 107.62608258961596
1.7 400 111.18625831129658
1.8 400 114.30738225423529
1.9 400 117.44027489266398
2.0 400 121.18154123884554
2.1 400 124.06840397478503
2.2 400 125.55791861170508
2.3 400 127.24565224542049
2.4 400 131.21588038911682
2.5 400 140.96436278165783
2.6 400 155.22808317136918
2.8 400 168.0672500367287
3.0 400 166.28209673259676
3.5 400 216.32942909506042
4.0 400 420.2577393411607
