0.1 300 12.108452118163026
0.2 300 6.9997860042510585
0.3 300 5.134030841571816
0.4 300 4.74749765613009
0.5 300 4.2388880618493054
0.6 300 3.9708161849590997
0.7 300 3.630659289167247
0.8 300 3.3697740592971455
0.9 300 3.1464291445602686
1.0 300 2.86758983193088
1.1 300 2.594363252771754
1.2 300 2.436097282077944
1.3 300 2.378048280295203
1.4 300 2.372356919527636
1.5 300 2.376008295623043
1.6 300 2.3613672833921338
1.7 300 2.35621383787578
1.8 300 2.318680165972122
1.9 300 2.3139927319215596
2.0 300 2.3583451399392996
2.1 300 2.422204833462419
2.2 300 2.4912608182179907
2.3 300 2.588811207436829
2.4 300 2.710562220293132
2.5 300 2.829468353604222
2.6 300 2.9439219760834647
2.8 300 3.208177833632623
3.0 300 3.5983166909413624
3.5 300 6.0600122061570785
4.0 300 9.507344636787026
