0.1 700 14.168922803776429
0.2 700 6.66928294599931
0.3 700 4.5799605638080925
0.4 700 3.6366568023774657
0.5 700 3.399509907282954
0.6 700 3.2734917846371303
0.7 700 3.0857521494657894
0.8 700 2.8823608826853135
0.9 700 2.6699136574525393
1.0 700 2.427317086251497
1.1 700 2.257978631138045
1.2 700 2.096775407082262
1.3 700 2.0412595604031316
1.4 700 1.995292644823852
1.5 700 1.9511183861926749
1.6 700 1.9697980471928684
1.7 700 2.0324777726702097
1.8 700 2.0093301481839743
1.9 700 2.0646607067973886
2.0 700 2.073728831912801
2.1 700 2.088735802306598
2.2 700 2.144548336502183
2.3 700 2.255021762144706
2.4 700 2.4035447451740093
2.5 700 2.572371186882535
2.6 700 2.7380022241173254
2.8 700 3.097071516143437
3.0 700 3.065937578733586
3.5 700 3.0957633352249467
4.0 700 4.759845478728253
