0.1 600 208.5050597374255
0.2 600 79.38758216658562
0.3 600 69.551926127075
0.4 600 69.98833156394818
0.5 600 71.72634413718887
0.6 600 71.5414557479659
0.7 600 74.61972262394418
0.8 600 79.81847492163013
0.9 600 83.0961923510192
1.0 600 85.36666732406448
1.1 600 86.91639213790002
1.2 600 88.55911296435583
1.3 600 90.10743174826516
1.4 600 92.2749565460636
1.5 600 97.34176210655389
1.6 600 102.6853384412217
1.7 600 107.41300937389744
1.8 600 110.61429316742746
1.9 600 112.64977424871604
2.0 600 114.60078080086534
2.1 600 117.26204714010153
2.2 600 120.56568807386353
2.3 600 122.98902199198601
2.4 600 124.12377640524731
2.5 600 125.11253622962964
2.6 600 128.45975329945307
2.8 600 148.81879151610514
3.0 600 161.86702179215214
3.5 600 166.01307923022895
4.0 600 278.53634690680957
