0.1 500 10.697597385374385
0.2 500 5.879186555241561
0.3 500 4.014439377807681
0.4 500 3.7625440261835412
0.5 500 3.615308412880556
0.6 500 3.5323557656499167
0.7 500 3.238830167200175
0.8 500 2.9543419170897725
0.9 500 2.7582726150102634
1.0 500 2.6301004296078894
1.1 500 2.4631839622832223
1.2 500 2.3126862193932234
1.3 500 2.2071065063919253
1.4 500 2.1779955999851692
1.5 500 2.2027909708351197
1.6 500 2.2319991889537425
1.7 500 2.2825326988051655
1.8 500 2.2963296097503934
1.9 500 2.388443483189125
2.0 500 2.4567534188515303
2.1 500 2.5061718231477177
2.2 500 2.5401818910267053
2.3 500 2.5618383496723265
2.4 500 2.595567984544381
2.5 500 2.6037374004129554
2.6 500 2.589444465570962
2.8 500 2.5934570225733067
3.0 500 2.739273776051012
3.5 500 3.6926631707611386
4.0 500 5.730024565862361
