0.1 400 31.151229954099918
0.2 400 22.113385866805313
0.3 400 28.43413983848578
0.4 400 13.185334896382857
0.5 400 13.412550849836368
0.6 400 14.306637146362487
0.7 400 12.453981656639364
0.8 400 9.743799735804958
0.9 400 9.445244890297946
1.0 400 9.789339298356925
1.1 400 9.315701827448182
1.2 400 9.386586820288445
1.3 400 10.193283004001147
1.4 400 10.663986034898457
1.5 400 11.304465845534827
1.6 400 12.229756966211225
1.7 400 12.716999085471134
1.8 400 12.634353696188807
1.9 400 12.306609694331478
2.0 400 12.293811530722712
2.1 400 13.950403656794764
2.2 400 19.73723538441845
2.3 400 13.82542898963708
2.4 400 14.661972219253103
2.5 400 15.013789377802233
2.6 400 15.332668289554459
2.8 400 16.52700919101071
3.0 400 18.85123295807767
3.5 400 33.30232200435605
4.0 400 42.698456489800925
