0.1 300 10.052852196011132
0.2 300 6.86005287226113
0.3 300 5.801466811172311
0.4 300 5.372804150876809
0.5 300 4.930822104210125
0.6 300 4.668140708108513
0.7 300 4.16713245198207
0.8 300 3.8009269091529463
0.9 300 3.5003451641302687
1.0 300 3.135778499570485
1.1 300 2.8051249232137176
1.2 300 2.5805027824002136
1.3 300 2.4638361536086704
1.4 300 2.4124574506638057
1.5 300 2.386980052470947
1.6 300 2.3537351732284324
1.7 300 2.3365546950381484
1.8 300 2.299153831674887
1.9 300 2.299418845387384
2.0 300 2.3456215373081357
2.1 300 2.4104972148544257
2.2 300 2.485803055234145
2.3 300 2.5919924430680963
2.4 300 2.7179410395181023
2.5 300 2.837928967896295
2.6 300 2.9527194384207105
2.8 300 3.214993730181058
3.0 300 3.6066995510013222
3.5 300 6.064779673465085
4.0 300 9.512521319522607
