0.1 500 10.168174309051702
0.2 500 5.784397853709013
0.3 500 3.8918250631760727
0.4 500 3.4513172007375674
0.5 500 3.3382928725620706
0.6 500 3.2318609025090392
0.7 500 2.966076672694678
0.8 500 2.696015686910178
0.9 500 2.484998031909379
1.0 500 2.383462260998142
1.1 500 2.2546370525826407
1.2 500 2.10847543839459
1.3 500 2.0389967008586414
1.4 500 2.0517964596604448
1.5 500 2.124761524502027
1.6 500 2.1887216238329192
1.7 500 2.2422719573010443
1.8 500 2.2575898300775763
1.9 500 2.250498845628778
2.0 500 2.301068410946874
2.1 500 2.4244563581196372
2.2 500 2.61256198255339
2.3 500 2.7163070777039855
2.4 500 2.7872867729467345
2.5 500 2.8860284662904947
2.6 500 2.9271708623621837
2.8 500 2.816472071229615
3.0 500 2.7360407015728394
3.5 500 3.8522800038847502
4.0 500 5.876696419061371
