0.1 700 11.256198871655666
0.2 700 5.7313070996547415
0.3 700 3.7545558351118404
0.4 700 3.33963917601523
0.5 700 3.2613152633756313
0.6 700 3.1433767944492916
0.7 700 2.9730793250948526
0.8 700 2.747754199930362
0.9 700 2.4993003259877216
1.0 700 2.3002885391755115
1.1 700 2.12445551461998
1.2 700 2.0696723959223644
1.3 700 2.0214120307362693
1.4 700 1.9755847433957043
1.5 700 1.9762993496268293
1.6 700 2.0468649674791695
1.7 700 2.0731376417826732
1.8 700 2.1330548552221122
1.9 700 2.1457449657247336
2.0 700 2.1496533081894325
2.1 700 2.1737032702356194
2.2 700 2.2674422788623763
2.3 700 2.4128300510052516
2.4 700 2.589154326845746
2.5 700 2.76396644559362
2.6 700 2.9349026878901143
2.8 700 3.2154263097242737
3.0 700 2.998034733108243
3.5 700 3.146192799250408
4.0 700 5.03124752518036
