0.1 600 159.08093440708194
0.2 600 70.86126740750609
0.3 600 71.45058872542542
0.4 600 72.29433634451331
0.5 600 74.97577166659761
0.6 600 82.15181356590378
0.7 600 85.73428811163097
0.8 600 88.05803853306774
0.9 600 90.19365135990864
1.0 600 93.72649477749847
1.1 600 101.29498444338839
1.2 600 107.9301844784326
1.3 600 111.866317583149
1.4 600 114.63529541160447
1.5 600 118.71552027418274
1.6 600 122.77387724008568
1.7 600 124.37399088707124
1.8 600 127.05756138769055
1.9 600 138.71775401859776
2.0 600 154.45693289825854
2.1 600 161.85982925594075
2.2 600 163.59394082350312
2.3 600 163.91090811035585
2.4 600 164.76818383972295
2.5 600 168.5877446856259
2.6 600 183.32093613717407
2.8 600 278.5331559590543
3.0 600 392.53986186392444
3.5 600 622.787273593088
4.0 600 740.6850141262254
