0.1 400 8.611631087754052
0.2 400 5.779821148254523
0.3 400 4.455523586274643
0.4 400 4.25046388604137
0.5 400 4.154477082701396
0.6 400 3.9437827511864625
0.7 400 3.7129139116579375
0.8 400 3.421472503736357
0.9 400 3.163170778179089
1.0 400 2.8888814245214465
1.1 400 2.621333541775446
1.2 400 2.4165885106416147
1.3 400 2.332985678870337
1.4 400 2.3060733865350493
1.5 400 2.3114516595118326
1.6 400 2.3294750794288452
1.7 400 2.361387887763421
1.8 400 2.4113932297686134
1.9 400 2.450833910609314
2.0 400 2.496550492821927
2.1 400 2.5126521391563172
2.2 400 2.529555522158436
2.3 400 2.5295698692311537
2.4 400 2.5258345343544977
2.5 400 2.54549445143475
2.6 400 2.6009280706159323
2.8 400 2.7828151747839236
3.0 400 3.017063911551782
3.5 400 4.30990015121698
4.0 400 7.37100488242381
