0.1 600 91.18087546821867
0.2 600 68.32613987937978
0.3 600 70.76542370635882
0.4 600 71.35844654618984
0.5 600 75.18864106530128
0.6 600 81.91253800552472
0.7 600 85.34359711577454
0.8 600 87.60231120543862
0.9 600 89.86769798958359
1.0 600 93.46590955896671
1.1 600 101.22422704343437
1.2 600 107.97490748549632
1.3 600 111.85718068463653
1.4 600 114.59943476156305
1.5 600 118.6713582721101
1.6 600 122.73432981165101
1.7 600 124.34484231632548
1.8 600 127.04999034176595
1.9 600 138.73179040982038
2.0 600 154.47200550460138
2.1 600 161.86686182815222
2.2 600 163.59401268180716
2.3 600 163.90613509860287
2.4 600 164.76066757214255
2.5 600 168.57997071502226
2.6 600 183.31564090195073
2.8 600 278.5367171871817
3.0 600 392.54179829679117
3.5 600 622.7843499923719
4.0 600 740.6852275125304
