0.1 700 43.15836544416847
0.2 700 32.5034716234308
0.3 700 39.45674422797519
0.4 700 37.93518158740577
0.5 700 30.25866326415232
0.6 700 21.892817887075932
0.7 700 21.010671253680982
0.8 700 21.843545411855146
0.9 700 24.364363199700378
1.0 700 22.31821695731911
1.1 700 18.469948797421704
1.2 700 16.644364464507095
1.3 700 15.808421345309371
1.4 700 14.845848767434545
1.5 700 14.238469464434724
1.6 700 14.181052905383817
1.7 700 14.103524974595397
1.8 700 14.108018686980813
1.9 700 14.375788597219328
2.0 700 14.709671709533202
2.1 700 15.108176262279814
2.2 700 15.502967784965014
2.3 700 16.03125232664075
2.4 700 16.55114004412453
2.5 700 17.26166098426711
2.6 700 17.80874341968116
2.8 700 19.351434516595685
3.0 700 20.753747376471242
3.5 700 26.734228802080075
4.0 700 34.546907387375086
