0.1 500 244.50400256151352
0.2 500 88.58116438752306
0.3 500 71.69531353518116
0.4 500 72.70447920980698
0.5 500 73.86903221066811
0.6 500 80.87843424501703
0.7 500 86.08592293997845
0.8 500 88.94996566403196
0.9 500 90.80323054494275
1.0 500 96.54241680518729
1.1 500 104.37131674694012
1.2 500 109.7804441778249
1.3 500 113.56696443632205
1.4 500 116.76477711237257
1.5 500 121.61345251900362
1.6 500 124.71112692232117
1.7 500 126.21082221367044
1.8 500 133.71545400661282
1.9 500 151.55483472501913
2.0 500 162.79684213258255
2.1 500 164.62673233944943
2.2 500 164.08179625915034
2.3 500 164.11655962370276
2.4 500 166.92491042054607
2.5 500 180.17241192763547
2.6 500 218.40443151110776
2.8 500 342.52563580824204
3.0 500 460.1176449126457
3.5 500 628.3616292609321
4.0 500 742.2303694784008
