0.1 300 10.75381552269145
0.2 300 8.700623730455742
0.3 300 7.567329684043375
0.4 300 6.7382671907168605
0.5 300 6.53585367266967
0.6 300 5.888839970962321
0.7 300 6.550998053376474
0.8 300 7.2625170105808285
0.9 300 8.05498448243505
1.0 300 8.657414396113008
1.1 300 8.878667683722911
1.2 300 9.096671398289168
1.3 300 9.544197042074991
1.4 300 10.297351421978117
1.5 300 10.890767341549976
1.6 300 10.722187109400048
1.7 300 10.848198221741654
1.8 300 10.116203062914941
1.9 300 10.288711253324147
2.0 300 10.615573127805204
2.1 300 11.213314389116883
2.2 300 11.658350275017927
2.3 300 11.969156279223213
2.4 300 12.62940933351999
2.5 300 12.81259261060843
2.6 300 13.004807946224128
2.8 300 20.75787912112387
3.0 300 27.933888779838632
3.5 300 29.742775618715413
4.0 300 41.94745298742334
