0.1 500 15.440982918770885
0.2 500 7.319738037329748
0.3 500 5.270842719582447
0.4 500 4.029215063688758
0.5 500 3.651388080740329
0.6 500 3.3285939090163605
0.7 500 3.151660846486407
0.8 500 2.8966807293013956
0.9 500 2.607774173651768
1.0 500 2.3952218331008903
1.1 500 2.251863343096063
1.2 500 2.1593475089982874
1.3 500 2.052923914014204
1.4 500 1.9801221449052415
1.5 500 1.9742749819839145
1.6 500 2.005703984608883
1.7 500 2.0689903699394083
1.8 500 2.1049001773844433
1.9 500 2.12550759949366
2.0 500 2.1448131524919267
2.1 500 2.22054133456272
2.2 500 2.3522765642749235
2.3 500 2.526174933257152
2.4 500 2.6442341939654224
2.5 500 2.7350962051892145
2.6 500 2.8358345012981725
2.8 500 2.804125329840013
3.0 500 2.65540784830877
3.5 500 3.5638761396082113
4.0 500 5.8291693320343745
