0.1 300 10.763301433596334
0.2 300 7.098897965327277
0.3 300 6.078228019064536
0.4 300 5.575545474106492
0.5 300 5.0561950798510376
0.6 300 4.738819324713872
0.7 300 4.203253774005893
0.8 300 3.8215755605050012
0.9 300 3.514790181044918
1.0 300 3.147007184885685
1.1 300 2.8132951700735656
1.2 300 2.585406206182687
1.3 300 2.4661554223681716
1.4 300 2.413342458185396
1.5 300 2.387160453572292
1.6 300 2.3536099505204886
1.7 300 2.3363315336633836
1.8 300 2.298967593734326
1.9 300 2.29930749675101
2.0 300 2.3455596839374593
2.1 300 2.4104601228053064
2.2 300 2.485783101454944
2.3 300 2.5919835540509983
2.4 300 2.717937132324285
2.5 300 2.837927192762474
2.6 300 2.9527192037793744
2.8 300 3.2149937756349756
3.0 300 3.6066995735134775
3.5 300 6.064780084215494
4.0 300 9.512523854560754
