0.1 400 9.253806812818441
0.2 400 6.175939525800547
0.3 400 5.447784964360449
0.4 400 5.143418896981536
0.5 400 4.947132917495355
0.6 400 4.526779118461342
0.7 400 4.1899804740073
0.8 400 3.7627231034688644
0.9 400 3.4703121156840235
1.0 400 3.194855177287756
1.1 400 2.885817836143064
1.2 400 2.6145552620932895
1.3 400 2.4391929342642156
1.4 400 2.3478386826594253
1.5 400 2.3180644918264384
1.6 400 2.3236958997656845
1.7 400 2.353581531464622
1.8 400 2.3927889737280297
1.9 400 2.430861726727761
2.0 400 2.4732209753910244
2.1 400 2.495205757185841
2.2 400 2.5121937342803973
2.3 400 2.5141497298458897
2.4 400 2.5166372190473227
2.5 400 2.5432173657214774
2.6 400 2.602900885009636
2.8 400 2.787549842485615
3.0 400 3.0194321216301576
3.5 400 4.312931129384452
4.0 400 7.373709598110051
