0.1 500 9.370619771816996
0.2 500 5.48276023383324
0.3 500 4.079280957865459
0.4 500 3.958188968578802
0.5 500 3.874579824879607
0.6 500 3.779785655479733
0.7 500 3.4637844637757254
0.8 500 3.179761676285592
0.9 500 2.9608342274452
1.0 500 2.797053785111138
1.1 500 2.6123570546497588
1.2 500 2.424253635657961
1.3 500 2.2932370738326124
1.4 500 2.239099047406204
1.5 500 2.2337757762840753
1.6 500 2.2421786787976106
1.7 500 2.2774542243704614
1.8 500 2.3332064757946807
1.9 500 2.4155014441107014
2.0 500 2.512545786907028
2.1 500 2.4931810071380487
2.2 500 2.519158761418137
2.3 500 2.5392756325486876
2.4 500 2.554315473735346
2.5 500 2.550121720929622
2.6 500 2.542254650981578
2.8 500 2.5891777227872956
3.0 500 2.7695398736093026
3.5 500 3.66684247864467
4.0 500 5.72646099486077
