0.1 600 46.272166894903435
0.2 600 34.766589202768564
0.3 600 28.1695951789007
0.4 600 24.508748255548735
0.5 600 19.59016086803938
0.6 600 13.563108311336277
0.7 600 16.878852880719634
0.8 600 13.938515562195427
0.9 600 11.007282105944926
1.0 600 11.891279577413528
1.1 600 11.518426360236381
1.2 600 11.979845153251787
1.3 600 12.357446716194836
1.4 600 12.442153951459694
1.5 600 11.901163708333467
1.6 600 11.918014428745296
1.7 600 12.601967608461045
1.8 600 12.946636262680377
1.9 600 13.39648451349752
2.0 600 13.718919136829177
2.1 600 14.018003114576594
2.2 600 14.437032096056623
2.3 600 14.647894691688693
2.4 600 14.770697395674388
2.5 600 15.134122130470079
2.6 600 15.778930108753153
2.8 600 17.459736977238897
3.0 600 19.28196718978898
3.5 600 26.433615358877137
4.0 600 36.771853989259775
