0.1 700 18.14834894342851
0.2 700 8.821080490774644
0.3 700 7.971958134501482
0.4 700 7.433340680907955
0.5 700 7.952271313151262
0.6 700 8.290766813960282
0.7 700 8.62336513730295
0.8 700 8.587822914933751
0.9 700 8.983910391205166
1.0 700 9.189770356570216
1.1 700 9.619330233022332
1.2 700 10.034130258234228
1.3 700 10.794169287235126
1.4 700 11.176296142544153
1.5 700 11.749293400695757
1.6 700 12.69896080795679
1.7 700 13.787144759069529
1.8 700 14.2640979371
1.9 700 14.20153330425544
2.0 700 14.177611609522566
2.1 700 14.13937639776792
2.2 700 13.935367423426653
2.3 700 14.456379669883294
2.4 700 14.819470334815799
2.5 700 15.818360959216442
2.6 700 16.88230547024186
2.8 700 16.864106882375815
3.0 700 18.26360677627169
3.5 700 23.86333266303491
4.0 700 39.06662319372179
