0.1 400 42.31572945958419
0.2 400 38.187149509094716
0.3 400 28.587379539953332
0.4 400 38.30199451715312
0.5 400 36.60038653707147
0.6 400 25.800242919939194
0.7 400 21.647763304283583
0.8 400 20.496327536020694
0.9 400 22.24525734067047
1.0 400 22.66180636048431
1.1 400 30.686698010096023
1.2 400 23.429990189308022
1.3 400 15.78533714470673
1.4 400 16.720973077632255
1.5 400 16.93739888370295
1.6 400 17.674001129457718
1.7 400 17.02336811164441
1.8 400 16.079742854990826
1.9 400 15.063576584828102
2.0 400 14.906955923507514
2.1 400 15.346754898470948
2.2 400 15.852885129650849
2.3 400 16.34837983646053
2.4 400 16.449751117931907
2.5 400 17.08357299662224
2.6 400 18.35267872960952
2.8 400 20.530811137749865
3.0 400 22.289043866580172
3.5 400 28.930683584020482
4.0 400 45.29482040808366
