0.1 700 7.242085677849186
0.2 700 4.356260922836547
0.3 700 3.745703572709227
0.4 700 3.741938695807141
0.5 700 3.726889115621509
0.6 700 3.6980270196720437
0.7 700 3.56728398020232
0.8 700 3.3140529230671647
0.9 700 3.030912217787445
1.0 700 2.801323917195968
1.1 700 2.620758223765304
1.2 700 2.4476633961097245
1.3 700 2.3127451650273705
1.4 700 2.2336343751616807
1.5 700 2.200345798542395
1.6 700 2.2033040717732213
1.7 700 2.1944597136839525
1.8 700 2.202235772841357
1.9 700 2.219450169694241
2.0 700 2.272287352115352
2.1 700 2.3326976224357248
2.2 700 2.407911271725305
2.3 700 2.4860217848870496
2.4 700 2.5656231024195733
2.5 700 2.604093503534641
2.6 700 2.607701567045991
2.8 700 2.6129970527474837
3.0 700 2.5972332692001516
3.5 700 3.161743137930952
4.0 700 4.622667075338497
