0.1 300 41.27788513572423
0.2 300 29.21116088762657
0.3 300 23.65289111718262
0.4 300 25.682994909697744
0.5 300 22.386562375321567
0.6 300 15.150505494040395
0.7 300 16.42569066491426
0.8 300 16.631416348812575
0.9 300 17.80742257354385
1.0 300 14.199735793165182
1.1 300 13.718781568339843
1.2 300 13.392676482128723
1.3 300 12.216377702159777
1.4 300 11.818981281111736
1.5 300 12.122499552271536
1.6 300 12.435666809061965
1.7 300 12.48290545946742
1.8 300 12.070823363819812
1.9 300 12.427482426771666
2.0 300 12.992172074995448
2.1 300 14.474964793583883
2.2 300 15.89958095686599
2.3 300 17.32095294924143
2.4 300 20.442385863979
2.5 300 25.43724432299548
2.6 300 34.40175715362624
2.8 300 20.33516374032902
3.0 300 20.752332956248775
3.5 300 27.982902687111164
4.0 300 42.15254462806444
