0.1 600 7.739834615166103
0.2 600 4.882493309050054
0.3 600 4.252414545380961
0.4 600 4.143879918453531
0.5 600 4.145789346739714
0.6 600 4.078810211297188
0.7 600 3.7745212474426455
0.8 600 3.459271548312073
0.9 600 3.136182435919222
1.0 600 2.9368033927956754
1.1 600 2.7543028365660778
1.2 600 2.563263264905488
1.3 600 2.383595087264542
1.4 600 2.277360118905898
1.5 600 2.231041407058471
1.6 600 2.2165177276167745
1.7 600 2.2225527287518223
1.8 600 2.2281077811570595
1.9 600 2.2691084777057458
2.0 600 2.329325262896657
2.1 600 2.374013446607479
2.2 600 2.4427666974357094
2.3 600 2.5115022892619105
2.4 600 2.5042554251757565
2.5 600 2.5253618315850876
2.6 600 2.5610676196025635
2.8 600 2.59147293583146
3.0 600 2.627124843166104
3.5 600 3.424794326746728
4.0 600 5.028701066115541
