0.1 400 47.0823252093541
0.2 400 33.58624344326067
0.3 400 27.964619536248115
0.4 400 27.3188123557445
0.5 400 21.443197302596072
0.6 400 15.024843411021042
0.7 400 14.360669372610413
0.8 400 17.27043861563212
0.9 400 16.96959559054532
1.0 400 13.411715130865407
1.1 400 11.511611424943343
1.2 400 11.83617596248452
1.3 400 11.020785722835784
1.4 400 11.008297531408546
1.5 400 11.140453877454352
1.6 400 11.274931233661603
1.7 400 11.842727209315324
1.8 400 11.935520962400512
1.9 400 11.988402986755306
2.0 400 12.27592749665592
2.1 400 12.702245293611247
2.2 400 13.042343528119188
2.3 400 13.418088794334077
2.4 400 14.263859222520601
2.5 400 15.134931485886737
2.6 400 16.19849190165577
2.8 400 18.412461097002282
3.0 400 21.238149839410944
3.5 400 29.571286360312193
4.0 400 35.86546036902521
