0.1 500 42.16591506535626
0.2 500 37.72223291023334
0.3 500 34.48753225624815
0.4 500 40.2701468922182
0.5 500 32.04808957522473
0.6 500 28.441241247499402
0.7 500 21.253110114304235
0.8 500 21.557202183829464
0.9 500 18.34612013058507
1.0 500 28.70511467387843
1.1 500 22.28295622873676
1.2 500 18.1470463875653
1.3 500 22.959404360468618
1.4 500 18.6521534722025
1.5 500 19.98351245830086
1.6 500 15.626652913405831
1.7 500 13.63594745660655
1.8 500 13.563349031149658
1.9 500 13.699596517309963
2.0 500 13.847359009872001
2.1 500 14.204629097355527
2.2 500 14.98679098378055
2.3 500 15.812612433152237
2.4 500 16.69230960613766
2.5 500 17.54070686977261
2.6 500 18.30094035402843
2.8 500 20.447946777791124
3.0 500 23.00859728205213
3.5 500 30.073206624617818
4.0 500 41.695791044872394
