0.1 400 9.278372696106523
0.2 400 6.285765907803724
0.3 400 5.48811359714476
0.4 400 5.153494439124343
0.5 400 4.950513815599519
0.6 400 4.528381240354491
0.7 400 4.19064906104511
0.8 400 3.763060406493921
0.9 400 3.470482825124604
1.0 400 3.194934900024627
1.1 400 2.8858599092701622
1.2 400 2.6145745546330126
1.3 400 2.439199217206128
1.4 400 2.347840119031363
1.5 400 2.3180646839328745
1.6 400 2.323695853259466
1.7 400 2.353581473333474
1.8 400 2.392788917894046
1.9 400 2.4308616540199606
2.0 400 2.473220944265359
2.1 400 2.4952060296533363
2.2 400 2.5121939557800923
2.3 400 2.514149177310018
2.4 400 2.5166373742715313
2.5 400 2.54321708523024
2.6 400 2.6029007816371337
2.8 400 2.7875502563978953
3.0 400 3.0194324843270826
3.5 400 4.312930603618155
4.0 400 7.373707481054162
