0.1 300 246.8708551764605
0.2 300 124.91016022251786
0.3 300 76.84092127178862
0.4 300 70.75869274083082
0.5 300 73.13495842909832
0.6 300 77.00484432549877
0.7 300 78.93310130196065
0.8 300 81.01231158929549
0.9 300 82.74670212153305
1.0 300 88.20682659661165
1.1 300 91.47047356724583
1.2 300 93.85256628613521
1.3 300 98.24454519692007
1.4 300 103.39019526169264
1.5 300 108.54254934960282
1.6 300 112.12392507025099
1.7 300 115.49433534342384
1.8 300 119.36367430885205
1.9 300 123.63399885803479
2.0 300 126.59848669752537
2.1 300 129.63772300442565
2.2 300 136.2448529651707
2.3 300 150.00136273047409
2.4 300 166.17792135836214
2.5 300 174.2485533012177
2.6 300 175.02305624092295
2.8 300 170.72507840651053
3.0 300 171.647933405284
3.5 300 332.63098173794975
4.0 300 461.11111847139637
