0.1 700 30.705564022580226
0.2 700 26.932697898957088
0.3 700 19.586188492605856
0.4 700 16.776229972783735
0.5 700 16.597101865422548
0.6 700 9.952469615256748
0.7 700 9.529917819951274
0.8 700 9.273831538198479
0.9 700 9.224252064383423
1.0 700 9.50311550857691
1.1 700 9.999878447440107
1.2 700 10.816176321542894
1.3 700 11.151597391457459
1.4 700 11.53376001749786
1.5 700 11.660066092417285
1.6 700 12.039577551489677
1.7 700 12.786087572724451
1.8 700 13.544588846758641
1.9 700 13.739491844671669
2.0 700 13.12395016189409
2.1 700 13.268525104836637
2.2 700 13.392957209159544
2.3 700 13.977498003455194
2.4 700 15.192944731447117
2.5 700 16.74508328518566
2.6 700 18.5373096669836
2.8 700 18.41137389898739
3.0 700 18.658255592706016
3.5 700 23.56136860551993
4.0 700 40.30026915669478
