0.1 600 7.996082389225282
0.2 600 5.7294193395440995
0.3 600 5.015703587043071
0.4 600 4.802350745088018
0.5 600 4.594692441129924
0.6 600 4.356222497924234
0.7 600 3.970543221768055
0.8 600 3.5978695285164513
0.9 600 3.219857200997863
1.0 600 3.0246373213161655
1.1 600 2.8405821362373485
1.2 600 2.6316743055304035
1.3 600 2.431143674053554
1.4 600 2.305446040149306
1.5 600 2.2457249682227745
1.6 600 2.220495777161319
1.7 600 2.2218104909346454
1.8 600 2.2269201643466836
1.9 600 2.267119004199681
2.0 600 2.326755616649393
2.1 600 2.3711746844915353
2.2 600 2.440010242986329
2.3 600 2.5090053363426317
2.4 600 2.5023601146610153
2.5 600 2.523919146252483
2.6 600 2.5601035653454143
2.8 600 2.591299333647683
3.0 600 2.6271944049194498
3.5 600 3.4247412386396814
4.0 600 5.028762866775612
