0.1 400 9.25468139680727
0.2 400 6.291348563515128
0.3 400 5.488804789249019
0.4 400 5.153562624967091
0.5 400 4.95052713950058
0.6 400 4.5283849032836505
0.7 400 4.190649769433948
0.8 400 3.7630605534271524
0.9 400 3.470482847549742
1.0 400 3.1949349030832876
1.1 400 2.8858599105287137
1.2 400 2.614574555010683
1.3 400 2.4391992159958447
1.4 400 2.3478401181150503
1.5 400 2.318064675465009
1.6 400 2.3236958522578464
1.7 400 2.3535814245615216
1.8 400 2.3927888826221633
1.9 400 2.430861689952033
2.0 400 2.473220821885378
2.1 400 2.495205755838323
2.2 400 2.5121940984457853
2.3 400 2.5141491872770887
2.4 400 2.5166373742715313
2.5 400 2.54321708523024
2.6 400 2.6029007816371337
2.8 400 2.7875502563978953
3.0 400 3.0194324843270826
3.5 400 4.312930603618155
4.0 400 7.373707481054162
