0.1 400 42.75560087990725
0.2 400 35.80559454716676
0.3 400 27.45805578899875
0.4 400 33.78601644504229
0.5 400 33.790077491486755
0.6 400 21.54407173958097
0.7 400 18.84409834438219
0.8 400 19.4658769760238
0.9 400 21.946790519372673
1.0 400 20.59206542982861
1.1 400 16.32634258990617
1.2 400 19.440534173073864
1.3 400 13.442385859800584
1.4 400 13.146077716905776
1.5 400 13.567295737550957
1.6 400 13.718708837637239
1.7 400 13.448744045270741
1.8 400 13.364819572427997
1.9 400 13.477383354576848
2.0 400 13.757370640450477
2.1 400 14.125586934261554
2.2 400 14.464524763481787
2.3 400 14.842803632605765
2.4 400 15.467713646895268
2.5 400 16.856601594801393
2.6 400 18.191655897872614
2.8 400 19.873894105022732
3.0 400 21.48897953138444
3.5 400 29.324190347626455
4.0 400 45.58446718884634
