0.1 300 24.553074875910827
0.2 300 20.478180056077658
0.3 300 22.336207894672764
0.4 300 13.463579950846494
0.5 300 7.73973651746748
0.6 300 8.566290452310355
0.7 300 7.984022341119125
0.8 300 7.6086255694150005
0.9 300 8.295973706845379
1.0 300 9.149523841770279
1.1 300 9.544660202594029
1.2 300 9.69790236476316
1.3 300 9.921886441506166
1.4 300 10.658866416269504
1.5 300 11.751081602014324
1.6 300 11.548641048118665
1.7 300 11.6242869860729
1.8 300 10.341620275624654
1.9 300 10.516575319514589
2.0 300 11.084587300530014
2.1 300 11.39263515602015
2.2 300 12.110516769193811
2.3 300 12.826052959447733
2.4 300 13.2921808986525
2.5 300 13.394152144118527
2.6 300 12.899138761963982
2.8 300 20.286757457691678
3.0 300 26.87102053423355
3.5 300 29.875393119153383
4.0 300 41.68314985608861
