0.1 300 14.667037076468516
0.2 300 7.414956186638926
0.3 300 5.804346100564134
0.4 300 4.470485821564009
0.5 300 3.9202100037087115
0.6 300 3.4969053553472595
0.7 300 3.1661969754804606
0.8 300 2.8125172199894912
0.9 300 2.6244408227943117
1.0 300 2.468030666126153
1.1 300 2.2698298898013682
1.2 300 2.1250822603310917
1.3 300 2.107763035212332
1.4 300 2.22323288436305
1.5 300 2.2731860536558846
1.6 300 2.3155238798492346
1.7 300 2.3258636880224692
1.8 300 2.2541196718477425
1.9 300 2.204561650494227
2.0 300 2.263392641114973
2.1 300 2.3640016511081288
2.2 300 2.4506200126494346
2.3 300 2.5042593078076236
2.4 300 2.550181523201953
2.5 300 2.6105566285202975
2.6 300 2.6916763579834035
2.8 300 2.9547140494120634
3.0 300 3.504871331075628
3.5 300 5.8094073935931325
4.0 300 9.06502688627606
