0.1 300 37.195469328531914
0.2 300 24.064053080901555
0.3 300 26.066934425930228
0.4 300 25.384826562613423
0.5 300 23.239491349593173
0.6 300 11.55630095860494
0.7 300 10.730301143193255
0.8 300 12.169652846417213
0.9 300 12.229335981798725
1.0 300 11.934366412675772
1.1 300 11.196243999929392
1.2 300 10.984447464432634
1.3 300 11.570416969624882
1.4 300 12.198581487304448
1.5 300 12.686180765906869
1.6 300 12.138483367757587
1.7 300 11.895585874814213
1.8 300 12.079927854059534
1.9 300 12.605215738793463
2.0 300 13.398536753089118
2.1 300 14.659948932561672
2.2 300 16.568675921834252
2.3 300 19.590629831015427
2.4 300 24.072741145510758
2.5 300 29.83928673201377
2.6 300 36.00257571448653
2.8 300 30.691900577061645
3.0 300 21.815199689079588
3.5 300 38.67140486419089
4.0 300 45.534328476296025
