0.1 300 31.510368028641103
0.2 300 20.8082398829183
0.3 300 23.50098572472166
0.4 300 16.965626901182556
0.5 300 14.068527363071547
0.6 300 7.8619136115627954
0.7 300 10.367564412434147
0.8 300 9.37091332165087
0.9 300 9.380561016371978
1.0 300 9.380911903894045
1.1 300 10.241320380357763
1.2 300 10.792519544927844
1.3 300 11.139620173543388
1.4 300 11.715556687554182
1.5 300 11.975795759744381
1.6 300 11.654314932908354
1.7 300 11.609330171714513
1.8 300 11.510424840301756
1.9 300 11.732418928232798
2.0 300 12.440067724771472
2.1 300 13.405992776750479
2.2 300 14.55997285588719
2.3 300 16.22212165841843
2.4 300 18.354383565789725
2.5 300 20.00310900387155
2.6 300 17.29924168640705
2.8 300 19.0808163412232
3.0 300 25.10937014383237
3.5 300 32.58767158989944
4.0 300 40.73262164239342
