0.1 300 42.05184921555013
0.2 300 34.65678819137302
0.3 300 30.87924885089103
0.4 300 30.635470127770716
0.5 300 36.90254527753018
0.6 300 31.874712611653113
0.7 300 30.23661916640135
0.8 300 24.520315612695622
0.9 300 19.871080038037302
1.0 300 20.873464803253967
1.1 300 20.566835585264567
1.2 300 19.854583053618292
1.3 300 18.832714562407745
1.4 300 17.082309084235245
1.5 300 16.30569526012064
1.6 300 15.767819196789246
1.7 300 15.540628610180532
1.8 300 15.25419076628268
1.9 300 15.619431582726476
2.0 300 16.123545724774413
2.1 300 16.849268833008633
2.2 300 17.77391938468684
2.3 300 18.96881611852835
2.4 300 19.715457670881733
2.5 300 20.765189139836878
2.6 300 20.856634792621435
2.8 300 21.739567794601776
3.0 300 25.23769680451647
3.5 300 31.770292088384497
4.0 300 38.53902804718922
