0.1 400 8.950706027793988
0.2 400 5.813734499052364
0.3 400 4.778100027900066
0.4 400 4.530532488303433
0.5 400 4.443380768538544
0.6 400 4.201913670173029
0.7 400 3.961187236226082
0.8 400 3.6065054575460564
0.9 400 3.3346694370808896
1.0 400 3.0780090043951933
1.1 400 2.798259443668996
1.2 400 2.538470673159494
1.3 400 2.393633749444805
1.4 400 2.3287137647566705
1.5 400 2.312032766540777
1.6 400 2.323098626412017
1.7 400 2.356342995183749
1.8 400 2.3963614210310467
1.9 400 2.4343886680019553
2.0 400 2.476879661102245
2.1 400 2.4977212587637103
2.2 400 2.5143099409223444
2.3 400 2.515721860356819
2.4 400 2.517454972940487
2.5 400 2.543419101341519
2.6 400 2.6028127123180256
2.8 400 2.787357370271663
3.0 400 3.0193545955539145
3.5 400 4.312832160357022
4.0 400 7.373659030809296
