0.1 700 200.3959480454075
0.2 700 75.95089180211728
0.3 700 70.22596141988795
0.4 700 71.720732451975
0.5 700 72.28046493690654
0.6 700 72.36769659114765
0.7 700 73.52710874890677
0.8 700 77.53277316101915
0.9 700 83.05703276818183
1.0 700 85.47611171860423
1.1 700 87.42452728199743
1.2 700 90.020342710912
1.3 700 91.97211928238774
1.4 700 93.36168807750573
1.5 700 96.8359319829202
1.6 700 101.23444638075213
1.7 700 105.39033719203127
1.8 700 109.32981847064484
1.9 700 111.77777979404881
2.0 700 113.59205594578088
2.1 700 115.7755679675042
2.2 700 118.72020044438017
2.3 700 121.75773954612227
2.4 700 123.65154958898844
2.5 700 124.54533685885964
2.6 700 126.26422461117428
2.8 700 142.2902502173496
3.0 700 158.8305802363535
3.5 700 165.24660732342085
4.0 700 229.9785565833956
