0.1 700 43.08699412035725
0.2 700 36.76884565253882
0.3 700 36.856740079256646
0.4 700 36.67226257081628
0.5 700 26.113269948261973
0.6 700 19.76452680853511
0.7 700 19.738564065981954
0.8 700 21.548633942905948
0.9 700 20.181173343968688
1.0 700 16.618050639668585
1.1 700 14.056737476853819
1.2 700 13.798360545340097
1.3 700 13.662264487457351
1.4 700 13.500224821066594
1.5 700 13.612609302233142
1.6 700 13.805107938967723
1.7 700 13.861199111876765
1.8 700 13.932902339899131
1.9 700 14.230227812943985
2.0 700 14.343968695514715
2.1 700 14.438209097206737
2.2 700 14.643405456477032
2.3 700 15.044464519887702
2.4 700 15.642258546428481
2.5 700 16.44783485900145
2.6 700 17.35253374954475
2.8 700 19.713397429388607
3.0 700 20.288962321812626
3.5 700 25.88252068518771
4.0 700 35.4264179753932
