0.1 700 7.577679456028889
0.2 700 5.532277340165332
0.3 700 4.817655370525897
0.4 700 4.642539727739715
0.5 700 4.35838197181763
0.6 700 4.213751994291336
0.7 700 3.8961611768351303
0.8 700 3.574085555879283
0.9 700 3.2488840272163704
1.0 700 2.9729273650265733
1.1 700 2.8066646091336076
1.2 700 2.6242487217582005
1.3 700 2.432378666846445
1.4 700 2.304761091810476
1.5 700 2.2395086281555425
1.6 700 2.21324220571445
1.7 700 2.1931744448646464
1.8 700 2.1947060177479902
1.9 700 2.2121396152680433
2.0 700 2.261410244798144
2.1 700 2.3165844122591652
2.2 700 2.414269524562368
2.3 700 2.466039253418768
2.4 700 2.544613334404777
2.5 700 2.5804744977516885
2.6 700 2.581590119351431
2.8 700 2.598327716600623
3.0 700 2.593964366237045
3.5 700 3.162989796690044
4.0 700 4.624686677465089
