0.1 500 23.16822190349404
0.2 500 22.16019547491721
0.3 500 12.257937249712349
0.4 500 10.692630624915461
0.5 500 10.353158048391778
0.6 500 9.298121544825221
0.7 500 8.236478558152932
0.8 500 8.811157680546868
0.9 500 9.065436070839988
1.0 500 9.030806858958393
1.1 500 9.231116340768388
1.2 500 9.622003924398971
1.3 500 9.97453521002423
1.4 500 10.967887690216765
1.5 500 11.729314682370175
1.6 500 12.428839104873079
1.7 500 13.049134939026109
1.8 500 13.272449747077856
1.9 500 13.453053546841625
2.0 500 13.48735690510795
2.1 500 13.469794490485123
2.2 500 14.292818109435773
2.3 500 15.373350817265077
2.4 500 13.875096300563674
2.5 500 14.321658995813104
2.6 500 14.817508170836545
2.8 500 15.748722091172462
3.0 500 16.524318983621846
3.5 500 26.810156553506104
4.0 500 42.90194584692892
