0.1 400 9.250751307234852
0.2 400 6.291706662504046
0.3 400 5.488823950514662
0.4 400 5.1535637174779945
0.5 400 4.9505272454673035
0.6 400 4.528384913260747
0.7 400 4.19064977007961
0.8 400 3.7630605534970325
0.9 400 3.470482847462296
1.0 400 3.1949349030674434
1.1 400 2.8858599102812272
1.2 400 2.6145745546400567
1.3 400 2.439199216596903
1.4 400 2.3478401187970372
1.5 400 2.318064675465009
1.6 400 2.3236958522578464
1.7 400 2.3535814245615216
1.8 400 2.3927888826221633
1.9 400 2.430861689952033
2.0 400 2.473220821885378
2.1 400 2.495205755838323
2.2 400 2.5121940984457853
2.3 400 2.5141491872770887
2.4 400 2.5166373742715313
2.5 400 2.54321708523024
2.6 400 2.6029007816371337
2.8 400 2.7875502563978953
3.0 400 3.0194324843270826
3.5 400 4.312930603618155
4.0 400 7.373707481054162
