0.1 500 8.365379726247925
0.2 500 5.379004216726157
0.3 500 3.718423176293645
0.4 500 3.493347322962757
0.5 500 3.424695842448702
0.6 500 3.2929586612750477
0.7 500 3.03452486916013
0.8 500 2.7707832200061135
0.9 500 2.58682505437228
1.0 500 2.4869711982441634
1.1 500 2.3121485938995185
1.2 500 2.172063105135279
1.3 500 2.113663066927298
1.4 500 2.15925238763107
1.5 500 2.2372159624018852
1.6 500 2.2728411377630056
1.7 500 2.3322712189492805
1.8 500 2.330874455826132
1.9 500 2.312755495883329
2.0 500 2.3655739403908678
2.1 500 2.43606101783979
2.2 500 2.683442166555848
2.3 500 2.6815481350248414
2.4 500 2.778156553859073
2.5 500 2.8783257363458783
2.6 500 2.9218203715380366
2.8 500 2.848672188514307
3.0 500 2.774869393431936
3.5 500 3.7156830278203823
4.0 500 5.780412159649173
