0.1 300 17.270284013733654
0.2 300 9.348420062449755
0.3 300 6.611721068749986
0.4 300 5.150194626509678
0.5 300 4.289141993366504
0.6 300 3.8766706011878465
0.7 300 3.4402831433681755
0.8 300 3.0861502196369583
0.9 300 2.7721781259890057
1.0 300 2.6126207281341207
1.1 300 2.442522463481013
1.2 300 2.245344910255078
1.3 300 2.1017048081710517
1.4 300 2.1111364567352164
1.5 300 2.197679226793142
1.6 300 2.2688058365736743
1.7 300 2.3075879889313446
1.8 300 2.318655072883693
1.9 300 2.2049803760192455
2.0 300 2.1984374349587923
2.1 300 2.271833130322498
2.2 300 2.3638660347726854
2.3 300 2.422121493969278
2.4 300 2.45951045236937
2.5 300 2.5094158461600986
2.6 300 2.5807568087443933
2.8 300 2.7868984266713457
3.0 300 3.2243026989622776
3.5 300 5.339247161266495
4.0 300 8.236344450277356
