0.1 400 10.321187512174422
0.2 400 6.064440473437746
0.3 400 4.500273241838939
0.4 400 4.187928800785367
0.5 400 4.056080433047271
0.6 400 3.8524247118658064
0.7 400 3.6172954568473443
0.8 400 3.3592832121391734
0.9 400 3.1210601060713983
1.0 400 2.8552728651344803
1.1 400 2.606504554623524
1.2 400 2.410933469807583
1.3 400 2.3159280023182345
1.4 400 2.296010518873816
1.5 400 2.300653363591393
1.6 400 2.3193450741805455
1.7 400 2.3519895884883923
1.8 400 2.40278334615398
1.9 400 2.4443528328389212
2.0 400 2.491856706000923
2.1 400 2.5097667870792058
2.2 400 2.528517946984179
2.3 400 2.52962464783958
2.4 400 2.5261046522890593
2.5 400 2.5454981788215654
2.6 400 2.600423030754878
2.8 400 2.781547985208355
3.0 400 3.0168325156655724
3.5 400 4.31036287244726
4.0 400 7.3708720573339335
