0.1 500 30.855931928413565
0.2 500 24.3140108961629
0.3 500 21.37396072736945
0.4 500 12.786255815054831
0.5 500 17.23085505863933
0.6 500 13.481519381932607
0.7 500 10.307738999563377
0.8 500 9.369564104129033
0.9 500 9.728256017487126
1.0 500 9.11474655400043
1.1 500 9.505998712984166
1.2 500 9.827239452785463
1.3 500 10.346449489681158
1.4 500 11.030271680915474
1.5 500 11.812135311671186
1.6 500 12.369629150181767
1.7 500 12.867241245161253
1.8 500 13.093626311759177
1.9 500 13.407992130067658
2.0 500 14.36524709805112
2.1 500 14.940188195609196
2.2 500 15.586518125566045
2.3 500 16.831472531483286
2.4 500 15.750218614406085
2.5 500 15.680309425540107
2.6 500 15.560413524552853
2.8 500 16.31678845721762
3.0 500 17.376186130884548
3.5 500 26.165944922187222
4.0 500 45.368641117449535
