0.1 400 105.1873571348955
0.2 400 70.62314383018669
0.3 400 70.41616828855116
0.4 400 71.33412520227641
0.5 400 77.1771740443583
0.6 400 80.46186898464904
0.7 400 84.12844205315528
0.8 400 87.69563903552923
0.9 400 92.63769487860498
1.0 400 100.17515243509945
1.1 400 106.58170570404485
1.2 400 111.66205599390408
1.3 400 116.02338937989904
1.4 400 121.17921980798484
1.5 400 124.79986051137664
1.6 400 126.925049225383
1.7 400 133.26229070071415
1.8 400 151.2342864929576
1.9 400 165.802614928527
2.0 400 168.05939123957762
2.1 400 166.28212651122112
2.2 400 165.12500664437883
2.3 400 169.68902166504566
2.4 400 193.1925992609668
2.5 400 246.02981533057712
2.6 400 312.4042631638568
2.8 400 420.2577925099347
3.0 400 496.52186857223694
3.5 400 625.6785391467869
4.0 400 741.0382829761184
