0.1 600 7.968456380901949
0.2 600 5.616606493699526
0.3 600 4.974803076251564
0.4 600 4.790016509258433
0.5 600 4.590278374798595
0.6 600 4.354667049408174
0.7 600 3.9697250337502497
0.8 600 3.59745123360561
0.9 600 3.219657887152723
1.0 600 3.024537408525553
1.1 600 2.840532433377792
1.2 600 2.631651488670689
1.3 600 2.4311354134740775
1.4 600 2.3054438329605134
1.5 600 2.2457244059615253
1.6 600 2.2204956875096036
1.7 600 2.221810508286376
1.8 600 2.226920175392969
1.9 600 2.267119104838492
2.0 600 2.3267557235423855
2.1 600 2.3711749286240775
2.2 600 2.4400122878583614
2.3 600 2.5090014640142058
2.4 600 2.502362602517871
2.5 600 2.523922681747572
2.6 600 2.560102244395315
2.8 600 2.5913005779405545
3.0 600 2.627189491109251
3.5 600 3.4247353690124798
4.0 600 5.0287542547247135
