0.1 700 9.238798763791696
0.2 700 5.034368605465751
0.3 700 3.5641339332218624
0.4 700 3.4602294602895736
0.5 700 3.479691483338831
0.6 700 3.3671337869220173
0.7 700 3.251445781977097
0.8 700 3.0158871549856254
0.9 700 2.782323148880106
1.0 700 2.566268587406423
1.1 700 2.4711650673820116
1.2 700 2.322143254318672
1.3 700 2.2099599491611923
1.4 700 2.164546433783708
1.5 700 2.1659836639063674
1.6 700 2.184374524321086
1.7 700 2.18263603332935
1.8 700 2.1948738282493796
1.9 700 2.1879004394776738
2.0 700 2.227177954632775
2.1 700 2.306527868122063
2.2 700 2.40360667693085
2.3 700 2.5049455094804087
2.4 700 2.5744441055294964
2.5 700 2.66057644693167
2.6 700 2.685826300794242
2.8 700 2.6984788417515646
3.0 700 2.6376888617385377
3.5 700 3.1512173734450704
4.0 700 4.645506363242961
