0.1 500 44.829556655547776
0.2 500 37.05401699285758
0.3 500 30.91891632357807
0.4 500 29.38360082975824
0.5 500 25.202065535640326
0.6 500 31.124446851195327
0.7 500 18.20529880270688
0.8 500 14.38533573124927
0.9 500 15.588185923758951
1.0 500 14.439225251277508
1.1 500 15.640049959393812
1.2 500 14.13290240063476
1.3 500 12.128062190865956
1.4 500 12.144377609006753
1.5 500 12.423587798540169
1.6 500 12.721842171828701
1.7 500 12.936997929204233
1.8 500 13.034884661038133
1.9 500 13.13940385272224
2.0 500 13.519884155100824
2.1 500 13.924358686547826
2.2 500 14.370660240443915
2.3 500 14.910699382324376
2.4 500 15.78356731136118
2.5 500 16.547071786582663
2.6 500 17.26831089109507
2.8 500 19.261643809458093
3.0 500 21.20877476780866
3.5 500 29.98965684974572
4.0 500 52.767381006354945
