0.1 300 12.674943282091101
0.2 300 6.90988337488261
0.3 300 5.215220180612741
0.4 300 4.266710858429136
0.5 300 3.7925886892981597
0.6 300 3.41782733739238
0.7 300 3.1219341238732774
0.8 300 2.821396169396878
0.9 300 2.6786301707859983
1.0 300 2.460634587357685
1.1 300 2.284014863695567
1.2 300 2.174921873718946
1.3 300 2.201439239800011
1.4 300 2.2807821238235033
1.5 300 2.3378150774278277
1.6 300 2.4092054230092823
1.7 300 2.359865662671993
1.8 300 2.238749385553453
1.9 300 2.232927618878201
2.0 300 2.3236808841659333
2.1 300 2.4448169104270687
2.2 300 2.547147933442818
2.3 300 2.618796135475695
2.4 300 2.6796664410006104
2.5 300 2.752916230881023
2.6 300 2.8383244057975756
2.8 300 3.0953446996875247
3.0 300 3.552484685965781
3.5 300 5.942530343425429
4.0 300 9.369156610655546
