0.1 400 279.155431176038
0.2 400 101.34937234224262
0.3 400 70.57854547003856
0.4 400 70.5925520359816
0.5 400 72.58360607975553
0.6 400 80.88233587580773
0.7 400 85.1398972075287
0.8 400 88.40503078801213
0.9 400 92.10313441230538
1.0 400 99.23119323986568
1.1 400 105.90727389081995
1.2 400 111.2691842685453
1.3 400 115.6977401462579
1.4 400 120.49363072710375
1.5 400 124.68196973116903
1.6 400 126.32518765552733
1.7 400 130.5252323465815
1.8 400 146.45151097125344
1.9 400 162.43794266486555
2.0 400 166.09476304218316
2.1 400 165.24441158534344
2.2 400 164.7617934627263
2.3 400 169.29612616978713
2.4 400 191.30822358155442
2.5 400 242.40048615457374
2.6 400 308.87031575036895
2.8 400 421.1733059221942
3.0 400 501.0016801872353
3.5 400 629.0126916569076
4.0 400 742.4898254730881
