0.1 700 8.845569673771749
0.2 700 5.014609008210092
0.3 700 3.3857721036112114
0.4 700 3.222808398764071
0.5 700 3.2561219998404822
0.6 700 3.1055709093891615
0.7 700 2.960905483016883
0.8 700 2.735996852754721
0.9 700 2.509444431322501
1.0 700 2.305252825943001
1.1 700 2.1994595024353796
1.2 700 2.1439645191886263
1.3 700 2.0484313573035147
1.4 700 2.0218490926154553
1.5 700 2.051228167921956
1.6 700 2.1182743456160167
1.7 700 2.174855899317113
1.8 700 2.1849649075958415
1.9 700 2.1872510957523605
2.0 700 2.2160958873103205
2.1 700 2.2438006105378903
2.2 700 2.356220517537226
2.3 700 2.5120892034927094
2.4 700 2.675882833850948
2.5 700 2.8340087875763076
2.6 700 2.9718105415881495
2.8 700 3.172811838050212
3.0 700 2.996457092270683
3.5 700 3.1216461864501293
4.0 700 4.882618309282187
