0.1 500 35.7921416484942
0.2 500 25.62978614848976
0.3 500 29.122827234376434
0.4 500 22.649910734025624
0.5 500 18.41235875707799
0.6 500 18.891392900993882
0.7 500 15.939158323293457
0.8 500 15.849248218687379
0.9 500 14.060781448161649
1.0 500 12.656015992284193
1.1 500 11.18176827583515
1.2 500 11.06747274467049
1.3 500 11.373662491440395
1.4 500 11.754918380760419
1.5 500 11.737606302276534
1.6 500 11.973329820679886
1.7 500 12.53213411424945
1.8 500 12.95830518550864
1.9 500 12.876188494890458
2.0 500 12.957671679393728
2.1 500 13.282020485195927
2.2 500 13.667723193685115
2.3 500 14.347796549713793
2.4 500 14.868341572375002
2.5 500 15.852309836231509
2.6 500 17.273076058495832
2.8 500 22.382615090760183
3.0 500 26.580051104680436
3.5 500 28.52959179108307
4.0 500 40.17615454191465
