0.1 400 15.925786992030437
0.2 400 7.944537608530698
0.3 400 5.824167002267773
0.4 400 4.444587842747852
0.5 400 3.826153364359003
0.6 400 3.49634278521535
0.7 400 3.2563312981671384
0.8 400 2.953673134125669
0.9 400 2.7170577874419495
1.0 400 2.5426861193486436
1.1 400 2.4023813289354687
1.2 400 2.2249662127769962
1.3 400 2.0608476300824154
1.4 400 1.9796956982957732
1.5 400 2.0083274438847853
1.6 400 2.0567485641129806
1.7 400 2.101398365035744
1.8 400 2.1806264075162174
1.9 400 2.2063846850587656
2.0 400 2.261335851237937
2.1 400 2.393782910399023
2.2 400 2.51060367077746
2.3 400 2.582427844426129
2.4 400 2.6345680120298316
2.5 400 2.641180336224672
2.6 400 2.6010607917645125
2.8 400 2.570700832896923
3.0 400 2.7413715809415033
3.5 400 4.36223462118176
4.0 400 6.469595194522496
