0.1 500 8.54407234301997
0.2 500 5.920834120597734
0.3 500 5.204973084562786
0.4 500 4.872070865838159
0.5 500 4.683995787811557
0.6 500 4.400133902455541
0.7 500 4.00322286031067
0.8 500 3.583902578895373
0.9 500 3.261964394759073
1.0 500 3.0633355680645677
1.1 500 2.8373008990734223
1.2 500 2.6027709777296204
1.3 500 2.42277202324331
1.4 500 2.302463201049445
1.5 500 2.244940676704827
1.6 500 2.237809116622993
1.7 500 2.2624841992246294
1.8 500 2.3191545029108975
1.9 500 2.3979090738417876
2.0 500 2.4837616816263526
2.1 500 2.508005762466475
2.2 500 2.5013526507744035
2.3 500 2.523222999736226
2.4 500 2.5352678533553035
2.5 500 2.531564777375711
2.6 500 2.5285418491568983
2.8 500 2.5884742820529225
3.0 500 2.77491642141311
3.5 500 3.666063614990691
4.0 500 5.7270491332441305
