0.1 300 11.02488900897954
0.2 300 7.186328484079821
0.3 300 6.1099261584369415
0.4 300 5.58808949432126
0.5 300 5.060496214554931
0.6 300 4.740214990931107
0.7 300 4.203708286158983
0.8 300 3.821760175120446
0.9 300 3.5148927689808365
1.0 300 3.147068374372738
1.1 300 2.813324696502052
1.2 300 2.585416944723011
1.3 300 2.46615841482369
1.4 300 2.4133431034971844
1.5 300 2.3871604426383612
1.6 300 2.353609821651928
1.7 300 2.3363314095109304
1.8 300 2.298967556137326
1.9 300 2.2993074292753977
2.0 300 2.345559702991889
2.1 300 2.4104601185636736
2.2 300 2.4857831684533913
2.3 300 2.591983591539734
2.4 300 2.7179371980343006
2.5 300 2.837927171341329
2.6 300 2.9527190213034427
2.8 300 3.2149936840270126
3.0 300 3.606699700801223
3.5 300 6.064779956885843
4.0 300 9.512520847955553
