0.1 400 39.502831791363874
0.2 400 29.52148406328214
0.3 400 26.963012372412507
0.4 400 26.62841391384726
0.5 400 17.975746735222167
0.6 400 12.72606968682926
0.7 400 19.088003649032938
0.8 400 17.7909819800014
0.9 400 14.951425244797502
1.0 400 12.396590203199372
1.1 400 11.030298064175405
1.2 400 11.580024875588725
1.3 400 11.44302975004739
1.4 400 11.369330039203708
1.5 400 11.724370184564386
1.6 400 11.467334859812187
1.7 400 11.477564934901544
1.8 400 11.573828465569667
1.9 400 11.640129898032983
2.0 400 11.995023700128861
2.1 400 12.51868060771659
2.2 400 13.063129102677495
2.3 400 13.804927057674135
2.4 400 14.694311038548244
2.5 400 15.797954402478775
2.6 400 17.319251519763522
2.8 400 22.68748557766893
3.0 400 26.95765517567647
3.5 400 28.973161371182623
4.0 400 41.39841505777339
