0.1 500 28.715338104232615
0.2 500 21.856524387731692
0.3 500 15.840139348872926
0.4 500 15.261415935681992
0.5 500 12.754727078317174
0.6 500 9.591434551287389
0.7 500 8.157148720445086
0.8 500 11.416380243054776
0.9 500 11.536735364638627
1.0 500 6.042512658849915
1.1 500 5.937237318578045
1.2 500 6.162554361736464
1.3 500 6.145312956088219
1.4 500 6.251690092428027
1.5 500 6.314326850448931
1.6 500 6.511287979875469
1.7 500 6.882393741934498
1.8 500 7.010494273962977
1.9 500 7.175322008045757
2.0 500 7.375689343561531
2.1 500 7.513957260658462
2.2 500 7.652973166907134
2.3 500 7.989797996694273
2.4 500 8.189304646484066
2.5 500 8.419077020808286
2.6 500 8.471753534892388
2.8 500 8.782884265921185
3.0 500 9.29671084769625
3.5 500 11.291768552239478
4.0 500 12.923119932511417
