0.1 300 177.2789898477793
0.2 300 77.97791192138195
0.3 300 47.473846689067926
0.4 300 44.486566337343454
0.5 300 49.00750913674035
0.6 300 53.05367064619809
0.7 300 57.23317012178898
0.8 300 64.36330850613118
0.9 300 69.48898470050096
1.0 300 76.38673817455769
1.1 300 83.19089219987393
1.2 300 88.22723172104358
1.3 300 94.45262497150898
1.4 300 99.87312614428997
1.5 300 102.92953187978267
1.6 300 113.91686636054516
1.7 300 132.28120375430584
1.8 300 140.13444505870342
1.9 300 140.46296785485745
2.0 300 140.48681805944443
2.1 300 144.05060584461688
2.2 300 157.7335253828764
2.3 300 188.73468191874028
2.4 300 235.5973500124216
2.5 300 279.63765029037
2.6 300 312.94614444863794
2.8 300 359.5100986977816
3.0 300 395.70573587286475
3.5 300 497.4361127356291
4.0 300 617.4188143588304
