0.1 500 7.649978759165337
0.2 500 3.841774751101498
0.3 500 2.6610888064132276
0.4 500 2.416715239114362
0.5 500 2.2962589207831114
0.6 500 2.2369411065926808
0.7 500 2.046219130836907
0.8 500 1.9001186636939136
0.9 500 1.7589018226124629
1.0 500 1.6232647972059666
1.1 500 1.5157006402396145
1.2 500 1.4278306191691772
1.3 500 1.3656410539567259
1.4 500 1.3390195333805424
1.5 500 1.357632770616441
1.6 500 1.3755069287546466
1.7 500 1.3711272189055126
1.8 500 1.370494596858076
1.9 500 1.3685732920516493
2.0 500 1.3691746306667665
2.1 500 1.3736360445565405
2.2 500 1.3830634316781107
2.3 500 1.426737307430947
2.4 500 1.4863093375290954
2.5 500 1.5356708831613688
2.6 500 1.5741767710531458
2.8 500 1.6865584704173997
3.0 500 1.8515503411203136
3.5 500 2.485529141609473
4.0 500 3.8682195911950292
