0.1 500 6.222843747789917
0.2 500 4.092210308861287
0.3 500 3.524250988813622
0.4 500 3.2120080762124834
0.5 500 3.0940498727131764
0.6 500 2.814671912920743
0.7 500 2.537809704552457
0.8 500 2.291729344518563
0.9 500 2.031672736711097
1.0 500 1.856485392623571
1.1 500 1.7080962435787297
1.2 500 1.570787562395355
1.3 500 1.4750795455689332
1.4 500 1.4264180833047686
1.5 500 1.400048038452569
1.6 500 1.3897371975674724
1.7 500 1.3770420363196498
1.8 500 1.3787051598322324
1.9 500 1.3798417270968821
2.0 500 1.3808274956032147
2.1 500 1.3799525498484764
2.2 500 1.4023794713145217
2.3 500 1.4484509006022164
2.4 500 1.5050756821036084
2.5 500 1.5528137108493283
2.6 500 1.5957576688404989
2.8 500 1.7092085423886056
3.0 500 1.8607569531413064
3.5 500 2.46364476793553
4.0 500 3.867279134936372
