0.1 400 11.962514289032097
0.2 400 5.580203391522584
0.3 400 3.8256955882597157
0.4 400 2.8593758542439276
0.5 400 2.4938342114964933
0.6 400 2.1986305814131284
0.7 400 2.05749703828066
0.8 400 1.8664344915294893
0.9 400 1.7159948289774982
1.0 400 1.587069966336048
1.1 400 1.4482801818925142
1.2 400 1.3367793242749848
1.3 400 1.2593737647722192
1.4 400 1.213814301684466
1.5 400 1.1887212338231001
1.6 400 1.2004276246973278
1.7 400 1.2341590509834606
1.8 400 1.2517287799709265
1.9 400 1.2627580842733697
2.0 400 1.2680339441352153
2.1 400 1.2782406387022676
2.2 400 1.2982836026971962
2.3 400 1.343784086408592
2.4 400 1.3955638282928886
2.5 400 1.4444780759253226
2.6 400 1.4973477805856128
2.8 400 1.624748831242181
3.0 400 1.8003670975934691
3.5 400 2.924741309428824
4.0 400 4.332600494805349
