0.1 400 21.13121231854523
0.2 400 13.934032292104702
0.3 400 13.588672075703824
0.4 400 10.202973320691795
0.5 400 7.436607845205646
0.6 400 11.04166770843973
0.7 400 11.53754661423469
0.8 400 10.144263502507638
0.9 400 6.05641664425371
1.0 400 6.398073904633751
1.1 400 6.568980700906883
1.2 400 6.630341929959744
1.3 400 6.4743076761605005
1.4 400 6.716635918435804
1.5 400 6.806515541078043
1.6 400 7.072744731005693
1.7 400 7.212314365890521
1.8 400 7.368360505152508
1.9 400 7.55511091393722
2.0 400 7.788913345979952
2.1 400 8.704364597356577
2.2 400 9.204072073023534
2.3 400 9.588114384005639
2.4 400 9.873906881024727
2.5 400 10.011411928895257
2.6 400 11.494528102415691
2.8 400 12.90161827795557
3.0 400 14.265219223007731
3.5 400 20.869817902325348
4.0 400 24.276373904622627
