0.1 600 23.016590402443576
0.2 600 16.15372094612747
0.3 600 14.268712945042699
0.4 600 9.595904763007788
0.5 600 10.926013386572881
0.6 600 10.961006251835
0.7 600 6.358885421451709
0.8 600 6.120169783322067
0.9 600 6.450403899069737
1.0 600 7.035380773912759
1.1 600 7.367608878746138
1.2 600 7.492941874080403
1.3 600 7.215067648924079
1.4 600 7.384117381602522
1.5 600 7.906807778977458
1.6 600 8.125057714817158
1.7 600 8.35602681200086
1.8 600 8.49875507009038
1.9 600 8.677050748624373
2.0 600 8.848572055617428
2.1 600 9.179004243365096
2.2 600 9.546914309613964
2.3 600 10.256771387644777
2.4 600 10.594989938686478
2.5 600 11.234618791786405
2.6 600 11.659562797986094
2.8 600 12.890930990487174
3.0 600 14.241903681562086
3.5 600 18.766862901496964
4.0 600 26.01902754647609
