0.1 600 18.375282313993097
0.2 600 12.496637104031507
0.3 600 8.295381885203968
0.4 600 9.723034863725454
0.5 600 9.963947709180593
0.6 600 5.188957973147218
0.7 600 5.268487191081815
0.8 600 5.430664899414278
0.9 600 5.561374645459328
1.0 600 5.668566363345348
1.1 600 6.030590190836793
1.2 600 6.406445624095009
1.3 600 6.7273074988709265
1.4 600 6.769548151711777
1.5 600 6.6237369138795295
1.6 600 6.915635616768599
1.7 600 7.267081672229961
1.8 600 7.527306963141396
1.9 600 7.598424325533993
2.0 600 7.801024568522007
2.1 600 7.9994524481203335
2.2 600 8.351601442395072
2.3 600 8.732384597445485
2.4 600 9.681933554512103
2.5 600 10.09940843268172
2.6 600 10.724189438421716
2.8 600 12.179454884964468
3.0 600 13.48188000624944
3.5 600 16.070825497784565
4.0 600 21.826804495517248
