0.1 700 9.869293347661353
0.2 700 4.603837351100956
0.3 700 3.0699391641154796
0.4 700 2.397992876666655
0.5 700 2.2531227487930847
0.6 700 2.1877469407850727
0.7 700 2.199685424668208
0.8 700 2.1454575211866813
0.9 700 2.102254357636861
1.0 700 2.071547242775705
1.1 700 1.97399494181416
1.2 700 1.877426049875272
1.3 700 1.7801641841303368
1.4 700 1.655456480252789
1.5 700 1.5662980647254876
1.6 700 1.5088199501356543
1.7 700 1.44887550249589
1.8 700 1.3932641280418574
1.9 700 1.353105878132261
2.0 700 1.3278828753859817
2.1 700 1.3101611230605303
2.2 700 1.3023259127645834
2.3 700 1.3035479121310891
2.4 700 1.3094168030432738
2.5 700 1.3127847516238362
2.6 700 1.3129799261256376
2.8 700 1.3089817604312883
3.0 700 1.3199705853285013
3.5 700 1.3600067530452251
4.0 700 1.5399849958299345
