0.1 500 89.31865599644185
0.2 500 42.73797450495418
0.3 500 42.862710837156044
0.4 500 43.959769709823654
0.5 500 48.08838829092122
0.6 500 53.0716260047704
0.7 500 56.49500199210644
0.8 500 58.71005371439457
0.9 500 63.11342975246906
1.0 500 69.89477831804753
1.1 500 76.3390653346777
1.2 500 81.76160238444805
1.3 500 85.41156555092334
1.4 500 89.93848340189457
1.5 500 95.99555684936047
1.6 500 98.89982131564616
1.7 500 101.17137047469616
1.8 500 111.02232779109478
1.9 500 126.70314334905147
2.0 500 135.74515460193157
2.1 500 137.15802870738506
2.2 500 136.8222113355398
2.3 500 137.24054878413676
2.4 500 140.44384859359263
2.5 500 151.89519165408612
2.6 500 179.46276119697094
2.8 500 270.2502595485449
3.0 500 354.28989282214644
3.5 500 493.13200306117534
4.0 500 606.8559796370267
