0.1 400 6.811617306119521
0.2 400 4.383427493878468
0.3 400 3.745070533878062
0.4 400 3.438738821118284
0.5 400 3.2228654209256664
0.6 400 2.893337014645099
0.7 400 2.6384015653809763
0.8 400 2.409537815897912
0.9 400 2.1718524556630165
1.0 400 1.959002311330919
1.1 400 1.7605001496743133
1.2 400 1.607704455824216
1.3 400 1.5168604889020463
1.4 400 1.4705610176202573
1.5 400 1.4402736053962109
1.6 400 1.420322564033031
1.7 400 1.4029754077721772
1.8 400 1.408418213026951
1.9 400 1.4175214470041428
2.0 400 1.4082151404298238
2.1 400 1.4409844142010588
2.2 400 1.4842429512489508
2.3 400 1.532835775020536
2.4 400 1.5876937694608968
2.5 400 1.642022050439995
2.6 400 1.7045072918570112
2.8 400 1.863649508958075
3.0 400 2.0511440945714456
3.5 400 2.9576368955932884
4.0 400 5.108015929125311
