0.1 600 9.055591141111188
0.2 600 5.7831219226208415
0.3 600 4.064528463912397
0.4 600 4.3670541569171695
0.5 600 4.517903021004215
0.6 600 4.663220974082571
0.7 600 4.8456100714408095
0.8 600 4.987440483735216
0.9 600 5.17641560680866
1.0 600 5.394097450033918
1.1 600 5.697764034809843
1.2 600 6.049675719301656
1.3 600 6.145046612771188
1.4 600 6.204979139034596
1.5 600 6.347006904287515
1.6 600 6.664094336328308
1.7 600 6.883070131089426
1.8 600 7.073346294498649
1.9 600 7.293929671492762
2.0 600 7.437579056936516
2.1 600 7.658848951515091
2.2 600 7.883505130255733
2.3 600 8.190550655134855
2.4 600 8.532229870033195
2.5 600 9.899960329910366
2.6 600 10.395438059563737
2.8 600 11.403051597968991
3.0 600 12.129934934007865
3.5 600 15.59893047451086
4.0 600 21.712697434687183
