0.1 300 7.295305972821403
0.2 300 4.7306037219300805
0.3 300 3.4327728315375525
0.4 300 3.1964558171204756
0.5 300 2.834556911250118
0.6 300 2.6441346371520713
0.7 300 2.446333355835269
0.8 300 2.2671932947598745
0.9 300 2.064426472751135
1.0 300 1.8555994858407576
1.1 300 1.682288299085889
1.2 300 1.5738101055863627
1.3 300 1.5281157712540554
1.4 300 1.49180308756878
1.5 300 1.456570328377562
1.6 300 1.417711418597468
1.7 300 1.4024127530613368
1.8 300 1.4064748621354557
1.9 300 1.4465879308093026
2.0 300 1.5152634495114652
2.1 300 1.5859845414157645
2.2 300 1.6649845889439494
2.3 300 1.7645081056417875
2.4 300 1.8636287103271498
2.5 300 1.9518238508208925
2.6 300 2.0398881228818535
2.8 300 2.2413246962889133
3.0 300 2.524591964490395
3.5 300 4.130178850099798
4.0 300 6.85622964747882
