0.1 700 6.196071825658526
0.2 700 3.1868410254959794
0.3 700 2.221002807847838
0.4 700 2.1150204867134454
0.5 700 2.0911624979787993
0.6 700 1.975929945014615
0.7 700 1.9342653323640568
0.8 700 1.7955988430345426
0.9 700 1.6666189322083431
1.0 700 1.5193202075190597
1.1 700 1.4156240223904637
1.2 700 1.351395690493301
1.3 700 1.283081226699669
1.4 700 1.2494855685172332
1.5 700 1.2445015965839812
1.6 700 1.2564257575437332
1.7 700 1.2690614164936669
1.8 700 1.2782539586557795
1.9 700 1.2853657797041487
2.0 700 1.28432274043062
2.1 700 1.2973552026616562
2.2 700 1.3362574617556275
2.3 700 1.3783199558278174
2.4 700 1.40205134808191
2.5 700 1.4252189004985012
2.6 700 1.4667999148149429
2.8 700 1.5474192325272051
3.0 700 1.6244523654980039
3.5 700 2.085639766921955
4.0 700 3.294658318253878
