0.1 600 69.23638370185346
0.2 600 42.22503233731876
0.3 600 43.802374860193815
0.4 600 44.41088856393681
0.5 600 46.748141257894225
0.6 600 52.238989583954215
0.7 600 56.378403985500334
0.8 600 59.719141996979715
0.9 600 62.15050719630718
1.0 600 66.44443715775013
1.1 600 73.71066727125644
1.2 600 79.8559169677496
1.3 600 83.15955189955234
1.4 600 86.35006281960011
1.5 600 91.29920752966405
1.6 600 96.27160845911503
1.7 600 98.25899204599857
1.8 600 101.95538702380657
1.9 600 112.83924097526074
2.0 600 126.33244073045253
2.1 600 133.12218363654614
2.2 600 135.18919772231578
2.3 600 135.89788317477704
2.4 600 137.17706485021114
2.5 600 141.11152661383153
2.6 600 153.03514962542056
2.8 600 220.25465102207662
3.0 600 304.9218030546904
3.5 600 491.2647743624449
4.0 600 606.6303199981451
