0.1 600 6.647723743067981
0.2 600 3.4945734340075982
0.3 600 2.364673454056164
0.4 600 2.201307897578408
0.5 600 2.153165057290078
0.6 600 2.0604782431419073
0.7 600 1.9644274363375527
0.8 600 1.8057900612290727
0.9 600 1.6806035201121567
1.0 600 1.546564987046835
1.1 600 1.441774164852126
1.2 600 1.353522581792844
1.3 600 1.2903278836435748
1.4 600 1.2615711292850864
1.5 600 1.254389328792775
1.6 600 1.2696051573479454
1.7 600 1.2863651077480427
1.8 600 1.2990133566763216
1.9 600 1.3022773617092716
2.0 600 1.2995520085710486
2.1 600 1.3225589342189232
2.2 600 1.3571585242850743
2.3 600 1.3782514243942314
2.4 600 1.3928995180370147
2.5 600 1.4407160840679463
2.6 600 1.488743935533512
2.8 600 1.5677572038952239
3.0 600 1.6784020288717911
3.5 600 2.392801089549754
4.0 600 3.514416744099206
