0.1 500 5.819087613427973
0.2 500 3.5118884378941346
0.3 500 2.5257664040456653
0.4 500 2.3060956471169707
0.5 500 2.2250483000000014
0.6 500 2.1261618391898573
0.7 500 1.9626236449953491
0.8 500 1.8265058708095638
0.9 500 1.6958263096948258
1.0 500 1.5757586836683344
1.1 500 1.4613906075451923
1.2 500 1.3720251071996572
1.3 500 1.3181214027569477
1.4 500 1.3077391450642282
1.5 500 1.3358380429807548
1.6 500 1.3687113787258531
1.7 500 1.3814212785966484
1.8 500 1.3859063397746905
1.9 500 1.383806404033243
2.0 500 1.3845338816543553
2.1 500 1.3990915451556247
2.2 500 1.3929168966492906
2.3 500 1.4314015284521775
2.4 500 1.4811383875696373
2.5 500 1.524168963321692
2.6 500 1.5613597166897417
2.8 500 1.6662948325875369
3.0 500 1.833077831846811
3.5 500 2.535407947368429
4.0 500 3.8662554950727537
