0.1 300 21.798422419699925
0.2 300 14.196530783014525
0.3 300 11.632121716166298
0.4 300 10.545497698253133
0.5 300 7.246258887895932
0.6 300 5.997886807566091
0.7 300 4.916669178584554
0.8 300 5.182423693761961
0.9 300 7.121598642420905
1.0 300 6.267898823021208
1.1 300 5.821614970666304
1.2 300 5.871489704817668
1.3 300 6.111813235175581
1.4 300 6.589777295445787
1.5 300 6.811990277803426
1.6 300 7.174917151961206
1.7 300 7.451761405645218
1.8 300 7.591586303211257
1.9 300 7.794721450351503
2.0 300 8.081929299107843
2.1 300 8.575121951929034
2.2 300 8.963585070964443
2.3 300 9.485280622300357
2.4 300 10.01360115110828
2.5 300 10.66796796746541
2.6 300 11.375361204783655
2.8 300 11.998202530218395
3.0 300 14.399202881634723
3.5 300 19.2195862696486
4.0 300 27.663849530891483
