0.1 600 13.53374008603215
0.2 600 10.649617456785741
0.3 600 5.439869882794101
0.4 600 9.16420884684891
0.5 600 4.840508727662338
0.6 600 4.845105696010807
0.7 600 5.033902988828533
0.8 600 5.1618056324091235
0.9 600 5.375451978237412
1.0 600 5.470135783064812
1.1 600 5.9205934756935275
1.2 600 6.112336645833617
1.3 600 6.372633545953421
1.4 600 6.238657540009324
1.5 600 6.488717597534298
1.6 600 6.800415643669098
1.7 600 6.964986296189862
1.8 600 7.157871009753697
1.9 600 7.3386813002380515
2.0 600 7.5566226647113
2.1 600 7.800807700976642
2.2 600 8.062394345234479
2.3 600 8.379490477042676
2.4 600 8.761157611548878
2.5 600 9.999757478828705
2.6 600 10.579164030087544
2.8 600 11.601782867133359
3.0 600 12.248535213417167
3.5 600 15.604357245829396
4.0 600 21.67712274254444
