0.1 400 11.45474327137387
0.2 400 5.570843393404824
0.3 400 4.123814606325934
0.4 400 3.116842974418376
0.5 400 2.7535210802156445
0.6 400 2.551608166798568
0.7 400 2.4041707800996237
0.8 400 2.313271907146704
0.9 400 2.1901577017505325
1.0 400 2.074810314737196
1.1 400 2.004508482551844
1.2 400 1.9087355708891673
1.3 400 1.7963042384476453
1.4 400 1.6761244940638484
1.5 400 1.5672967184671096
1.6 400 1.482111243841049
1.7 400 1.4230914557695906
1.8 400 1.3773369348080269
1.9 400 1.3659897927095261
2.0 400 1.3731012675539496
2.1 400 1.3786657084275467
2.2 400 1.3828206244870345
2.3 400 1.3835005565064749
2.4 400 1.3778677315072527
2.5 400 1.3886473788397307
2.6 400 1.3914099705912268
2.8 400 1.3973841806707532
3.0 400 1.4089283994041362
3.5 400 1.5895368599538668
4.0 400 1.8453022589950452
