0.1 500 13.662662096542517
0.2 500 10.893124318221183
0.3 500 5.504908910722472
0.4 500 5.466577880992536
0.5 500 4.9174191427584955
0.6 500 4.646546114417655
0.7 500 4.593958842934768
0.8 500 4.787121208220818
0.9 500 5.075392919767306
1.0 500 5.443361920944742
1.1 500 5.607174513403995
1.2 500 5.771834794621198
1.3 500 5.8647648704530075
1.4 500 6.382843872602396
1.5 500 6.498106693785576
1.6 500 6.694357778151913
1.7 500 6.802310922415542
1.8 500 7.003893373320374
1.9 500 7.2164132523379525
2.0 500 7.418974191876434
2.1 500 7.667470932579887
2.2 500 7.987185447063843
2.3 500 8.334010361439555
2.4 500 9.738644634509813
2.5 500 10.320152573457646
2.6 500 10.758634532661839
2.8 500 11.683876789556514
3.0 500 11.864366479138905
3.5 500 16.176346062564605
4.0 500 25.77279830948823
