0.1 400 18.642158670893807
0.2 400 11.691537705428786
0.3 400 10.316219664613083
0.4 400 5.569191921920111
0.5 400 5.966667292989225
0.6 400 5.960174655373965
0.7 400 5.762167988108584
0.8 400 4.942147840704504
0.9 400 5.1306238540699125
1.0 400 5.436739987815221
1.1 400 5.538788674664047
1.2 400 5.616277669019957
1.3 400 5.929512518568237
1.4 400 6.2572693293952035
1.5 400 6.459663770176496
1.6 400 6.5910066959349205
1.7 400 6.824154343215326
1.8 400 7.003714156775073
1.9 400 7.149696586501908
2.0 400 7.4080331533784705
2.1 400 7.743560659324892
2.2 400 8.318098626680825
2.3 400 9.50631533136934
2.4 400 9.915433318961309
2.5 400 10.522423584470282
2.6 400 11.21542353949548
2.8 400 12.193379137046653
3.0 400 12.369104415564907
3.5 400 16.84056375127257
4.0 400 27.15388260351102
