0.1 700 10.500632082716756
0.2 700 4.536169415992242
0.3 700 2.9004583256259395
0.4 700 2.299878497931817
0.5 700 2.129007719740949
0.6 700 2.026085134170155
0.7 700 1.9241410920827386
0.8 700 1.8458988524453197
0.9 700 1.7138486832517605
1.0 700 1.561467729715467
1.1 700 1.438596901534968
1.2 700 1.3242924975532824
1.3 700 1.2651820975769275
1.4 700 1.2138776061587706
1.5 700 1.1740634569281647
1.6 700 1.1667412412652012
1.7 700 1.1807155327857435
1.8 700 1.1897644473303481
1.9 700 1.2023851597406865
2.0 700 1.2060256614775826
2.1 700 1.2074104716152032
2.2 700 1.2233692760463781
2.3 700 1.2447879851364743
2.4 700 1.274072396255364
2.5 700 1.3105444228847956
2.6 700 1.3504299832909346
2.8 700 1.4787769526728698
3.0 700 1.582438963334429
3.5 700 1.8882872529639243
4.0 700 3.194941160046528
