0.1 400 117.55894429266453
0.2 400 47.74670820227894
0.3 400 43.86442135673002
0.4 400 44.079759846044006
0.5 400 46.891546827240205
0.6 400 52.06682974818349
0.7 400 55.71700917875767
0.8 400 60.6024493650198
0.9 400 65.82836609089375
1.0 400 72.77324433743954
1.1 400 78.65707733213901
1.2 400 83.49512470209598
1.3 400 88.69426869499684
1.4 400 95.20700109565259
1.5 400 98.9344917806387
1.6 400 100.57155328834057
1.7 400 107.42765766561031
1.8 400 123.43429572045802
1.9 400 135.95962711322306
2.0 400 138.5339869340658
2.1 400 138.0353364651203
2.2 400 138.55256451928616
2.3 400 143.8462070275545
2.4 400 161.28933853185177
2.5 400 196.84017438328266
2.6 400 246.1064706660509
2.8 400 325.9086789482832
3.0 400 382.975030978322
3.5 400 493.6824189680815
4.0 400 607.53082689178
