0.1 400 68.0131280593276
0.2 400 42.457728945525595
0.3 400 43.791881774275794
0.4 400 44.803221683332694
0.5 400 48.20011205714475
0.6 400 50.780163523554805
0.7 400 54.4634375654459
0.8 400 60.44378393232822
0.9 400 65.67112749397755
1.0 400 72.77788352286815
1.1 400 78.71166520655156
1.2 400 83.53679121506214
1.3 400 88.67909943926334
1.4 400 95.18950056016445
1.5 400 98.92001353633404
1.6 400 100.579269764781
1.7 400 107.4521027392149
1.8 400 123.46919335114956
1.9 400 135.98438962733746
2.0 400 138.54676688468456
2.1 400 138.03601489436628
2.2 400 138.549232283473
2.3 400 143.8444650541544
2.4 400 161.29289104497434
2.5 400 196.84747229588032
2.6 400 246.11209227859973
2.8 400 325.9059654625654
3.0 400 382.97034305870534
3.5 400 493.6815323408842
4.0 400 607.531109728694
