0.1 500 105.88758070886135
0.2 500 45.29080340468141
0.3 500 44.11421289023187
0.4 500 44.99570043129486
0.5 500 47.03199517964199
0.6 500 53.542989493779835
0.7 500 57.17006808513403
0.8 500 59.30863378107548
0.9 500 63.21800245821476
1.0 500 70.01928669703007
1.1 500 76.33885220396519
1.2 500 81.7304675797224
1.3 500 85.41606879007816
1.4 500 89.95937361872197
1.5 500 96.01391090476513
1.6 500 98.9161371639967
1.7 500 101.17479002845288
1.8 500 111.01417780673503
1.9 500 126.68814309728145
2.0 500 135.7343570512533
2.1 500 137.1560146640539
2.2 500 136.8256226285696
2.3 500 137.24540124309064
2.4 500 140.44810166823865
2.5 500 151.8972471655607
2.6 500 179.46091814887524
2.8 500 270.2475428737402
3.0 500 354.2918734740019
3.5 500 493.13209427821636
4.0 500 606.8564953535795
