0.1 300 24.441530497042546
0.2 300 17.06186447650055
0.3 300 12.68772507052472
0.4 300 12.687332132211246
0.5 300 9.265168629150336
0.6 300 7.087525474299089
0.7 300 10.321892462521872
0.8 300 10.31082065031824
0.9 300 5.9386401056252325
1.0 300 8.32766560580127
1.1 300 7.388528458134965
1.2 300 6.581008471636011
1.3 300 6.5666880923713435
1.4 300 6.691336682383684
1.5 300 7.095970001279449
1.6 300 7.2664398474482805
1.7 300 7.390698361936935
1.8 300 7.6793055909818175
1.9 300 8.213510790492437
2.0 300 8.291379261068432
2.1 300 8.522720718558944
2.2 300 8.954061425168991
2.3 300 9.686428392973797
2.4 300 10.33450678688422
2.5 300 11.109609612486441
2.6 300 12.050890368946574
2.8 300 13.89163976100717
3.0 300 15.43808113333539
3.5 300 20.358424571527422
4.0 300 26.93845532196756
