0.1 400 28.91831799351494
0.2 400 20.816537835161185
0.3 400 15.921951736691875
0.4 400 13.611800648075983
0.5 400 13.284566128659746
0.6 400 10.988531308905062
0.7 400 8.371290553637639
0.8 400 6.729689645789798
0.9 400 9.791598723137986
1.0 400 10.578208080022808
1.1 400 11.06648908498368
1.2 400 10.370366122898346
1.3 400 6.007061262185667
1.4 400 6.067632723075673
1.5 400 6.546071163013181
1.6 400 6.698807352932087
1.7 400 6.915503971987473
1.8 400 7.083999484563228
1.9 400 7.027609137988773
2.0 400 7.000715493666779
2.1 400 7.034218343919434
2.2 400 7.195585442139553
2.3 400 7.309081264744236
2.4 400 7.312431850696638
2.5 400 7.477230734658286
2.6 400 7.552175181950944
2.8 400 8.008926017978226
3.0 400 8.954991806577876
3.5 400 11.166629431567468
4.0 400 13.166075443837821
