0.1 300 25.698244828289003
0.2 300 20.035105240072824
0.3 300 15.255820743052679
0.4 300 13.379838497371471
0.5 300 14.312001561658525
0.6 300 11.560428306327267
0.7 300 9.856357096502634
0.8 300 10.099982028251011
0.9 300 11.924133215581751
1.0 300 12.434323653282295
1.1 300 11.988453896569945
1.2 300 10.71026175725113
1.3 300 10.28066901495839
1.4 300 9.611170825482445
1.5 300 9.447928826198124
1.6 300 9.418848832916545
1.7 300 9.253804515467356
1.8 300 9.43257739488078
1.9 300 9.421953390254924
2.0 300 9.716184348077586
2.1 300 10.035397702433759
2.2 300 10.708505864993807
2.3 300 11.494971553043477
2.4 300 12.280231893219087
2.5 300 12.843514528867777
2.6 300 13.679968086587069
2.8 300 14.989365606059405
3.0 300 16.35405212483822
3.5 300 21.824651669563877
4.0 300 28.355365749453984
