0.1 600 6.269584685171117
0.2 600 3.839340935727363
0.3 600 3.86323194601851
0.4 600 4.206542899382843
0.5 600 4.456917731120462
0.6 600 4.5984144877455435
0.7 600 4.762468837025688
0.8 600 4.924152859464768
0.9 600 5.120554844771817
1.0 600 5.325390035641776
1.1 600 5.6937114987248165
1.2 600 5.902139157903774
1.3 600 6.143263722154279
1.4 600 6.2002832253667
1.5 600 6.345179980332305
1.6 600 6.656414509200622
1.7 600 6.873359524359734
1.8 600 7.070889441976989
1.9 600 7.289421765014864
2.0 600 7.430507898796768
2.1 600 7.649718260858488
2.2 600 7.874614924641464
2.3 600 8.183185975504642
2.4 600 8.524536225271156
2.5 600 9.896010933572052
2.6 600 10.391743951431465
2.8 600 11.400098559053
3.0 600 12.128472741323455
3.5 600 15.598657412758541
4.0 600 21.7128377545114
