0.1 700 5.721386872771843
0.2 700 3.027159319834652
0.3 700 2.37842791165631
0.4 700 2.336301450435073
0.5 700 2.360513297419922
0.6 700 2.3034216080082994
0.7 700 2.2319542293033283
0.8 700 2.0946554977500402
0.9 700 1.9335087971974567
1.0 700 1.7477338453931222
1.1 700 1.6319334118236584
1.2 700 1.5366722688209447
1.3 700 1.444191822554796
1.4 700 1.3854125260137917
1.5 700 1.3536928087054658
1.6 700 1.339090203005584
1.7 700 1.336213998715215
1.8 700 1.3288494779014763
1.9 700 1.3306582335091115
2.0 700 1.3254488501451596
2.1 700 1.3343526672274493
2.2 700 1.3313868955819963
2.3 700 1.3318940603128322
2.4 700 1.3371758372378573
2.5 700 1.3679215232209863
2.6 700 1.4342811473582733
2.8 700 1.5506151516821738
3.0 700 1.6302296100845015
3.5 700 2.133296606706044
4.0 700 3.0749198505587154
