0.1 700 20.857366125424576
0.2 700 14.113457975503392
0.3 700 12.565759450719295
0.4 700 8.673761323857967
0.5 700 11.092374294580333
0.6 700 10.889163536535783
0.7 700 9.93366181213576
0.8 700 7.599085739814807
0.9 700 7.434733736321399
1.0 700 7.0594466865092
1.1 700 7.161651298488625
1.2 700 7.686000945272266
1.3 700 7.869466636420988
1.4 700 8.190199646846763
1.5 700 8.19929048158694
1.6 700 8.21786621037836
1.7 700 8.080127094505904
1.8 700 8.089609746579114
1.9 700 8.280695470674157
2.0 700 8.637968798605554
2.1 700 9.068459228867898
2.2 700 9.434301324143478
2.3 700 9.865712739649275
2.4 700 10.370997215502227
2.5 700 10.966721690904942
2.6 700 11.378691827947954
2.8 700 12.451659585734932
3.0 700 13.783947372179192
3.5 700 17.694865919174358
4.0 700 25.545834524929173
