0.1 600 137.37056758964061
0.2 600 51.05949375165207
0.3 600 45.6453929962355
0.4 600 45.85263093597791
0.5 600 46.72461908476149
0.6 600 49.91454361128155
0.7 600 56.881980479001996
0.8 600 60.6886162725687
0.9 600 63.05058511030674
1.0 600 66.22816202199459
1.1 600 73.01354214107991
1.2 600 79.1415979591608
1.3 600 83.04764610350132
1.4 600 85.79142117369175
1.5 600 90.15380834305286
1.6 600 95.74131342089176
1.7 600 98.25688099825382
1.8 600 101.48673945319652
1.9 600 111.60002251183987
2.0 600 125.1828630131483
2.1 600 132.68957722699642
2.2 600 135.26205807554723
2.3 600 136.37458080375194
2.4 600 137.8620578240156
2.5 600 141.81757607853413
2.6 600 153.13639032948018
2.8 600 218.6837298833132
3.0 600 303.9800729492903
3.5 600 494.1227969378233
4.0 600 608.0312984374762
