0.1 600 25.013203324661642
0.2 600 18.228098736855628
0.3 600 17.08991876066498
0.4 600 16.1626313980732
0.5 600 11.683218164923378
0.6 600 11.573181187706037
0.7 600 12.849194743740181
0.8 600 13.268584212354087
0.9 600 10.494037867566007
1.0 600 7.946046596332006
1.1 600 12.678571885232994
1.2 600 11.713598866313154
1.3 600 9.94726308171671
1.4 600 9.064040492010427
1.5 600 8.656774747143503
1.6 600 8.729174366931439
1.7 600 9.049910422878606
1.8 600 9.349397859947015
1.9 600 9.671346819126077
2.0 600 9.794719167955419
2.1 600 10.014269699172491
2.2 600 10.579338536540748
2.3 600 10.927597227010283
2.4 600 11.571097333188202
2.5 600 12.279180924357672
2.6 600 13.017087910385667
2.8 600 14.775278012351398
3.0 600 16.349904602266218
3.5 600 20.302345347425693
4.0 600 25.636797513926684
