0.1 600 8.241584237974253
0.2 600 3.769771582411733
0.3 600 3.792613705166961
0.4 600 4.203632789171734
0.5 600 4.489060586972762
0.6 600 4.614445000320007
0.7 600 4.7717161648406545
0.8 600 4.927178912161173
0.9 600 5.121698853642752
1.0 600 5.326475494109058
1.1 600 5.69557504494608
1.2 600 5.9031475926641575
1.3 600 6.143908467750731
1.4 600 6.2005551394557985
1.5 600 6.345149287347024
1.6 600 6.656293714222629
1.7 600 6.873252995364175
1.8 600 7.070910017408929
1.9 600 7.289406566482372
2.0 600 7.43047923094076
2.1 600 7.64969072592659
2.2 600 7.874592956910048
2.3 600 8.183171358538395
2.4 600 8.524519948911598
2.5 600 9.896004546442626
2.6 600 10.391737432613027
2.8 600 11.400095687189456
3.0 600 12.128472049432737
3.5 600 15.598657881489467
4.0 600 21.712837220453785
