0.1 400 7.894901071133856
0.2 400 4.198935377665004
0.3 400 2.8884701516962004
0.4 400 2.464634753928604
0.5 400 2.240819921821879
0.6 400 2.108763035928539
0.7 400 1.9328609584129008
0.8 400 1.8177125824602451
0.9 400 1.6894091811231033
1.0 400 1.5434763986063527
1.1 400 1.4024849738244194
1.2 400 1.3138977886022585
1.3 400 1.2843858111237751
1.4 400 1.2795387735004151
1.5 400 1.3090784402321696
1.6 400 1.3325205343990782
1.7 400 1.3460721914042042
1.8 400 1.3509259504986075
1.9 400 1.3499976180832927
2.0 400 1.3664980595844136
2.1 400 1.3898285984203431
2.2 400 1.4258598218871374
2.3 400 1.4825868895070489
2.4 400 1.5350262884650474
2.5 400 1.5806318019325882
2.6 400 1.631704360563166
2.8 400 1.7982250830190933
3.0 400 2.0582652015926177
3.5 400 3.072272201422431
4.0 400 5.006020901074579
