0.1 700 132.5956369189024
0.2 700 48.45465530627332
0.3 700 47.04169059335743
0.4 700 47.35304217746304
0.5 700 47.91045512527356
0.6 700 50.56211742866971
0.7 700 56.43627723161876
0.8 700 61.091405232667924
0.9 700 64.50136824190616
1.0 700 67.00796960890293
1.1 700 71.70044782531261
1.2 700 77.302483766675
1.3 700 81.8128150435686
1.4 700 84.694719951272
1.5 700 88.03166424238682
1.6 700 93.66568568980693
1.7 700 97.49574645054341
1.8 700 99.92367420184613
1.9 700 107.38912982976437
2.0 700 120.07726692450046
2.1 700 129.84561225044726
2.2 700 134.02489883863925
2.3 700 135.7350074852705
2.4 700 137.02697110831738
2.5 700 139.2864979041815
2.6 700 144.15002056229113
2.8 700 184.67612865793706
3.0 700 260.8313085118532
3.5 700 489.3562929924727
4.0 700 607.9887531050443
