0.1 600 21.401848303942348
0.2 600 13.849488688495029
0.3 600 11.52274571414146
0.4 600 7.675626108317044
0.5 600 10.99666869498202
0.6 600 10.056937529306383
0.7 600 5.670725394311237
0.8 600 5.792487487330429
0.9 600 6.184680983927705
1.0 600 6.279113656290101
1.1 600 6.456512749955513
1.2 600 6.636396836163342
1.3 600 6.900240577328863
1.4 600 7.117518047670114
1.5 600 7.37360253948142
1.6 600 7.448886179210305
1.7 600 7.552088373414183
1.8 600 7.74227400287578
1.9 600 7.916689586373417
2.0 600 8.210016604291729
2.1 600 8.949389327388195
2.2 600 9.396647088833367
2.3 600 9.883382033685269
2.4 600 10.434925442237974
2.5 600 10.81435187812577
2.6 600 11.167146730563916
2.8 600 12.574941553688074
3.0 600 14.117926884462035
3.5 600 18.214914653063474
4.0 600 25.13474259139979
