0.1 700 5.215295710528229
0.2 700 3.3109965244175514
0.3 700 2.857922734041168
0.4 700 2.899064717488761
0.5 700 2.8209763029010175
0.6 700 2.7101797587627754
0.7 700 2.5099984591364075
0.8 700 2.310229680400912
0.9 700 2.1077106003677595
1.0 700 1.8728087508270694
1.1 700 1.743714020453861
1.2 700 1.6233633254252526
1.3 700 1.4952987619576852
1.4 700 1.4115294344497633
1.5 700 1.3711665051995623
1.6 700 1.348577903041176
1.7 700 1.3411401332117348
1.8 700 1.3316346713049316
1.9 700 1.331428123923255
2.0 700 1.3236949023883826
2.1 700 1.3322964760790965
2.2 700 1.3175376892904496
2.3 700 1.3318793727769263
2.4 700 1.3367672678518903
2.5 700 1.36730059916541
2.6 700 1.436159855212176
2.8 700 1.5525028335436981
3.0 700 1.6324076883956478
3.5 700 2.1341987565846905
4.0 700 3.074732488828162
