0.1 500 6.244395848707099
0.2 500 4.087149668695746
0.3 500 3.5237739822981733
0.4 500 3.211983227025023
0.5 500 3.09404324022325
0.6 500 2.81467028964787
0.7 500 2.5378094425907944
0.8 500 2.291729304421522
0.9 500 2.0316727279249487
1.0 500 1.8564853914915966
1.1 500 1.708096243640768
1.2 500 1.5707875627974681
1.3 500 1.475079545225566
1.4 500 1.4264180844621697
1.5 500 1.4000480397801693
1.6 500 1.3897371938729157
1.7 500 1.3770420337883151
1.8 500 1.3787051678527824
1.9 500 1.3798415189798143
2.0 500 1.3808280144467462
2.1 500 1.379951726618925
2.2 500 1.4023794142728767
2.3 500 1.4484509639321514
2.4 500 1.5050756821036084
2.5 500 1.5528137108493283
2.6 500 1.5957576688404989
2.8 500 1.7092085423886056
3.0 500 1.8607569531413064
3.5 500 2.46364476793553
4.0 500 3.867279134936372
