0.1 600 7.072151038351491
0.2 600 3.5139534112820376
0.3 600 2.480227458191601
0.4 600 2.3254775798777474
0.5 600 2.294658897679914
0.6 600 2.2510645535410596
0.7 600 2.104581122576701
0.8 600 1.9549559082900863
0.9 600 1.812269544931374
1.0 600 1.6642174439267137
1.1 600 1.539330065119957
1.2 600 1.4485781256720656
1.3 600 1.3775252300102547
1.4 600 1.3348542489542414
1.5 600 1.3201728364886622
1.6 600 1.3325417661292849
1.7 600 1.3423732428903423
1.8 600 1.3394291080608636
1.9 600 1.336694060316895
2.0 600 1.3375122516922455
2.1 600 1.3370069943974412
2.2 600 1.3460352874728014
2.3 600 1.3489696635182808
2.4 600 1.3727937117487927
2.5 600 1.435156483627219
2.6 600 1.49125095797639
2.8 600 1.5892905763277996
3.0 600 1.6976151843838487
3.5 600 2.3294130586019564
4.0 600 3.3440697672794375
