0.1 700 18.233545637946186
0.2 700 13.230263607642723
0.3 700 7.972666848186149
0.4 700 10.5574580022864
0.5 700 9.692994807794882
0.6 700 5.456312110874275
0.7 700 5.748197981183846
0.8 700 5.585028150060956
0.9 700 5.743449239706304
1.0 700 5.880048994931032
1.1 700 6.432864808482522
1.2 700 6.8125795748930145
1.3 700 6.930659364758274
1.4 700 7.168282383704609
1.5 700 7.208953870314683
1.6 700 7.311584277127037
1.7 700 7.448806765424019
1.8 700 7.708492389467708
1.9 700 7.980045315606425
2.0 700 8.363821796186231
2.1 700 8.517603400025997
2.2 700 8.965210043049458
2.3 700 9.424345056886096
2.4 700 9.851345295426167
2.5 700 10.34494132561902
2.6 700 10.887160903635028
2.8 700 12.06688664963686
3.0 700 13.158841804279243
3.5 700 16.04747743704069
4.0 700 24.376791698460462
