0.1 300 30.009068901442014
0.2 300 20.73138198205192
0.3 300 16.822829442058815
0.4 300 13.20996673387878
0.5 300 12.437544556882553
0.6 300 12.34129398315444
0.7 300 10.076560722386478
0.8 300 7.99357723843002
0.9 300 7.037978760666289
1.0 300 9.882565348509463
1.1 300 10.73603000211487
1.2 300 9.221051068452416
1.3 300 6.0062865403483086
1.4 300 9.064467340155545
1.5 300 8.159499786734333
1.6 300 7.746387874251805
1.7 300 7.324446374441355
1.8 300 6.747505087500762
1.9 300 6.693976224320941
2.0 300 6.87580669685459
2.1 300 7.1467125440118
2.2 300 7.4067674629412945
2.3 300 7.291486820270027
2.4 300 7.347177137529154
2.5 300 7.532784668631164
2.6 300 7.743494065611478
2.8 300 8.278332266716301
3.0 300 8.53697596343574
3.5 300 10.768325878297357
4.0 300 14.220685489562708
