0.1 700 13.4275803753514
0.2 700 10.421195405992442
0.3 700 5.721753523426427
0.4 700 8.930890186265925
0.5 700 4.867774277036257
0.6 700 5.050960881111383
0.7 700 5.193894832812064
0.8 700 5.238055882839868
0.9 700 5.5346829123837304
1.0 700 5.695946495222055
1.1 700 5.973342023222478
1.2 700 6.3547356261390595
1.3 700 6.8040726854003335
1.4 700 6.902708049225846
1.5 700 7.1467664672829265
1.6 700 7.2678836246456555
1.7 700 7.411313776544299
1.8 700 7.527020533592295
1.9 700 7.573377758478295
2.0 700 7.666136416944722
2.1 700 7.8731118027339795
2.2 700 8.068065727949158
2.3 700 8.358384040296947
2.4 700 9.552611931391388
2.5 700 10.00249430951519
2.6 700 10.502576520111168
2.8 700 11.643239217685382
3.0 700 12.7263248744351
3.5 700 15.86664223845001
4.0 700 24.79126325724786
