0.1 500 5.846385067052923
0.2 500 3.618059118858977
0.3 500 3.257448877198938
0.4 500 3.053390704228834
0.5 500 3.018926883910237
0.6 500 2.7780458782486632
0.7 500 2.5167458243636127
0.8 500 2.2814215778897893
0.9 500 2.0252003941620536
1.0 500 1.8522240931516072
1.1 500 1.7052792558710608
1.2 500 1.5690625772610474
1.3 500 1.474280551195461
1.4 500 1.426113451077832
1.5 500 1.3999356520046968
1.6 500 1.389676389295837
1.7 500 1.3771040890239856
1.8 500 1.3787502696965566
1.9 500 1.379875543689941
2.0 500 1.3808542484608224
2.1 500 1.379971067342678
2.2 500 1.402383587343069
2.3 500 1.448455335962648
2.4 500 1.5050797097086652
2.5 500 1.5528118386078313
2.6 500 1.5957576418991994
2.8 500 1.7092057090818162
3.0 500 1.8607562760921463
3.5 500 2.4636428670241983
4.0 500 3.867277946658174
