0.1 500 8.77513846226205
0.2 500 3.7504061669438777
0.3 500 3.5701621682333244
0.4 500 3.9304138349809
0.5 500 4.123262832117489
0.6 500 4.52606489440758
0.7 500 4.49395652732236
0.8 500 4.67837885094672
0.9 500 4.974794928373681
1.0 500 5.235309436209398
1.1 500 5.474761937257775
1.2 500 5.525578400560109
1.3 500 5.627336476063345
1.4 500 5.820440818106279
1.5 500 6.244142725163507
1.6 500 6.451744070318211
1.7 500 6.66601485188078
1.8 500 6.91663568729979
1.9 500 7.088278389718169
2.0 500 7.240557332558448
2.1 500 7.482427604988908
2.2 500 7.807301778248988
2.3 500 8.140102131961303
2.4 500 9.665094397095363
2.5 500 10.068600182788225
2.6 500 10.690682827392356
2.8 500 11.197702608235552
3.0 500 11.729320815115797
3.5 500 16.15308904637177
4.0 500 25.830476951032878
