0.1 300 19.99677173407657
0.2 300 13.964020406060124
0.3 300 11.685358939667495
0.4 300 11.409767141179989
0.5 300 8.394976018384442
0.6 300 7.766192554199788
0.7 300 10.957958020680657
0.8 300 10.506726708492847
0.9 300 8.920141615240075
1.0 300 7.8107517424967465
1.1 300 7.011880087141192
1.2 300 6.349909953860009
1.3 300 6.702099528675204
1.4 300 6.99251634284266
1.5 300 7.0539555680245245
1.6 300 7.173758846657187
1.7 300 7.579229247615614
1.8 300 8.025444112201418
1.9 300 8.184280508414696
2.0 300 8.440930336445268
2.1 300 8.77868240265728
2.2 300 9.15812729271955
2.3 300 9.494421770131988
2.4 300 10.122399293615326
2.5 300 11.679701520214937
2.6 300 12.137955561615053
2.8 300 13.192241304014988
3.0 300 14.500872826975327
3.5 300 20.588219921635705
4.0 300 26.89993416946569
