0.1 500 21.17503478761965
0.2 500 13.586800998139264
0.3 500 13.366928063187926
0.4 500 9.167344557634943
0.5 500 11.435796477990205
0.6 500 11.728889687622054
0.7 500 5.828623712753233
0.8 500 6.001155408616007
0.9 500 5.785305319248225
1.0 500 5.936849044138544
1.1 500 6.196490055808823
1.2 500 6.6638773487628935
1.3 500 6.909943252869722
1.4 500 6.99119571520124
1.5 500 7.327761741444199
1.6 500 7.586390568630388
1.7 500 7.768368723702158
1.8 500 7.947856905849938
1.9 500 8.3864937665063
2.0 500 8.67149690034617
2.1 500 9.067867543170909
2.2 500 9.662965291267064
2.3 500 9.98419390427745
2.4 500 10.536940475818527
2.5 500 10.93780073603918
2.6 500 11.403848007860653
2.8 500 12.654809776576581
3.0 500 14.198622295975241
3.5 500 18.11891868813543
4.0 500 26.276869700208906
