0.1 300 29.986924767376262
0.2 300 20.09472773387691
0.3 300 15.332255362715827
0.4 300 12.830263605307032
0.5 300 11.758405248621504
0.6 300 8.503770448986932
0.7 300 6.944452445089443
0.8 300 7.207413715131132
0.9 300 9.548274879724898
1.0 300 5.525249137444793
1.1 300 5.7189316645018735
1.2 300 7.922239417815897
1.3 300 6.19186026445627
1.4 300 6.233153162289465
1.5 300 6.628931819192596
1.6 300 6.953900530785479
1.7 300 7.3820624533256956
1.8 300 7.714719715762326
1.9 300 7.776962035557648
2.0 300 7.97681324184814
2.1 300 8.201785197004268
2.2 300 8.637448224644515
2.3 300 9.11895185021027
2.4 300 9.706726595673379
2.5 300 11.650331441619386
2.6 300 12.240996578794107
2.8 300 13.743486584605893
3.0 300 15.637081586952544
3.5 300 20.335956746431492
4.0 300 24.517729275976023
