0.1 700 27.960649501322997
0.2 700 22.012757381277247
0.3 700 16.326359768920472
0.4 700 15.22476929670028
0.5 700 11.857538108171447
0.6 700 8.418733019867714
0.7 700 11.147282576324447
0.8 700 11.114426876396736
0.9 700 10.806114105391906
1.0 700 10.427060914393557
1.1 700 9.43987523234719
1.2 700 6.732582409170816
1.3 700 7.708145470876614
1.4 700 7.94722202551481
1.5 700 7.897389656605595
1.6 700 7.823627066512144
1.7 700 7.995855221680966
1.8 700 8.182841046122853
1.9 700 8.34543927943142
2.0 700 8.240597249642219
2.1 700 8.318506873960613
2.2 700 8.454914322484813
2.3 700 8.636246106506732
2.4 700 8.607931906637633
2.5 700 8.750157835022298
2.6 700 8.721378294777784
2.8 700 9.002981828075969
3.0 700 9.169480062231484
3.5 700 10.805588210839923
4.0 700 12.720402106191603
