0.1 300 7.621132236552771
0.2 300 4.715517889464272
0.3 300 3.333978678104377
0.4 300 2.8458449100623686
0.5 300 2.517242607304211
0.6 300 2.236585382943668
0.7 300 2.0704675970175703
0.8 300 1.9099461543851766
0.9 300 1.778888547435076
1.0 300 1.6110228027768463
1.1 300 1.4993195114210576
1.2 300 1.4363863377788038
1.3 300 1.4103601249365565
1.4 300 1.405429803019386
1.5 300 1.3929290699087105
1.6 300 1.3757113464871618
1.7 300 1.3565788338193343
1.8 300 1.3444199909950876
1.9 300 1.3959476308107297
2.0 300 1.4779575793271398
2.1 300 1.5593733270523698
2.2 300 1.6408455009138014
2.3 300 1.7294298673368211
2.4 300 1.8209673216909033
2.5 300 1.9156983490008315
2.6 300 2.0118357261619275
2.8 300 2.2436583118540327
3.0 300 2.5254172916105344
3.5 300 4.1252352404343
4.0 300 6.8692717757639805
