0.1 700 5.046579080449146
0.2 700 2.8953192522366176
0.3 700 2.4006258046846716
0.4 700 2.402432059785806
0.5 700 2.408267361079313
0.6 700 2.3718279751583715
0.7 700 2.2842289842753245
0.8 700 2.1510038133875
0.9 700 1.97164426629505
1.0 700 1.7789910623260978
1.1 700 1.6570024187861874
1.2 700 1.5555373566535309
1.3 700 1.4552531615917215
1.4 700 1.3926367356400842
1.5 700 1.3580925837708893
1.6 700 1.3424847348050062
1.7 700 1.3391288643378902
1.8 700 1.3321513191743906
1.9 700 1.3333510991612603
2.0 700 1.3275134408652702
2.1 700 1.336404420306677
2.2 700 1.3331214379365302
2.3 700 1.3332005130460929
2.4 700 1.337946579854677
2.5 700 1.3686027692242386
2.6 700 1.4350166921623495
2.8 700 1.5510474717469516
3.0 700 1.630660347147994
3.5 700 2.13310065715294
4.0 700 3.073947066858269
