0.1 700 49.86426001587929
0.2 700 42.50126978119975
0.3 700 43.70882211673027
0.4 700 45.955513068100906
0.5 700 47.843650499769396
0.6 700 51.36701586704701
0.7 700 56.20247777283192
0.8 700 60.570219666481016
0.9 700 63.788856973528866
1.0 700 66.06423022091388
1.1 700 72.10618410503864
1.2 700 78.1426919413805
1.3 700 82.25947873079777
1.4 700 85.0489136608839
1.5 700 88.86153584969044
1.6 700 94.42562904775143
1.7 700 97.63509811508655
1.8 700 100.17385284936428
1.9 700 108.25322121083737
2.0 700 120.9474656060934
2.1 700 130.25414259755613
2.2 700 133.9059794355631
2.3 700 135.26063274109364
2.4 700 136.30345564162732
2.5 700 138.331467779994
2.6 700 143.2527399879694
2.8 700 185.22503389179707
3.0 700 262.1565274244547
3.5 700 486.6701995352507
4.0 700 606.5900196441412
