0.1 700 5.956006592606554
0.2 700 3.6915097580038583
0.3 700 4.046575873578047
0.4 700 4.42415254375296
0.5 700 4.666852365784616
0.6 700 4.800447345555956
0.7 700 4.984258305089464
0.8 700 5.149260331010534
0.9 700 5.360593673210754
1.0 700 5.533459305331679
1.1 700 5.778443408200434
1.2 700 6.247115864192609
1.3 700 6.758722276153724
1.4 700 6.860554746602025
1.5 700 6.944298951743833
1.6 700 7.089006622079647
1.7 700 7.239356285494709
1.8 700 7.332901057263546
1.9 700 7.395478225957435
2.0 700 7.5630187770459925
2.1 700 7.71928146732787
2.2 700 7.933973084763445
2.3 700 8.185924034928616
2.4 700 9.434559496997313
2.5 700 9.874502749249638
2.6 700 10.349687845055684
2.8 700 11.568146703756021
3.0 700 12.665995305320608
3.5 700 15.824721493201723
4.0 700 24.795373950800403
