0.1 300 28.251716329325497
0.2 300 20.828593448733972
0.3 300 15.10060434046865
0.4 300 13.572266252380315
0.5 300 12.8063567051982
0.6 300 10.089848260876806
0.7 300 8.254321930088379
0.8 300 9.556316981548804
0.9 300 9.753835214391726
1.0 300 6.781051995017526
1.1 300 8.061051415483002
1.2 300 9.580595891560302
1.3 300 9.026546811588181
1.4 300 8.680061716146586
1.5 300 8.408051232619403
1.6 300 8.229189065123096
1.7 300 8.337716261988422
1.8 300 8.534720590368666
1.9 300 8.749340968726777
2.0 300 8.730938046543208
2.1 300 9.268966043342822
2.2 300 10.175922955950366
2.3 300 10.857679583393667
2.4 300 11.61043269298765
2.5 300 12.505265693680975
2.6 300 13.15516671727791
2.8 300 14.72615002042555
3.0 300 16.973827450603995
3.5 300 21.16524452247865
4.0 300 26.875813747437082
