0.1 400 23.303913521070967
0.2 400 16.148785227384682
0.3 400 13.763950022253965
0.4 400 11.330221856608997
0.5 400 7.734614789529017
0.6 400 6.943117018513308
0.7 400 11.282748529326895
0.8 400 10.608410905826787
0.9 400 5.913992371827957
1.0 400 6.223026526173988
1.1 400 6.599838613810829
1.2 400 6.914756667638627
1.3 400 6.927664039447718
1.4 400 6.953508367203405
1.5 400 7.068798706750557
1.6 400 7.245835270525164
1.7 400 7.309962296031911
1.8 400 7.478792209779669
1.9 400 7.62923076125732
2.0 400 8.31063131740598
2.1 400 8.944492788257339
2.2 400 9.457745220292141
2.3 400 10.050811845328925
2.4 400 10.489152892892449
2.5 400 11.233894511477047
2.6 400 11.790979476270845
2.8 400 13.140904365432151
3.0 400 14.66704398557976
3.5 400 19.981986100983562
4.0 400 26.700179069279965
