0.1 300 24.309621683029114
0.2 300 18.945441023315528
0.3 300 15.740569741998232
0.4 300 13.577178774200085
0.5 300 15.424921523992547
0.6 300 12.530772082715737
0.7 300 10.925387637890163
0.8 300 11.09552194194918
0.9 300 12.706157451620864
1.0 300 14.050492049256777
1.1 300 13.618758247039457
1.2 300 12.96382990901512
1.3 300 12.241030777363347
1.4 300 10.890633766652831
1.5 300 10.570522919166216
1.6 300 10.456557847692556
1.7 300 10.476313234503056
1.8 300 10.233205863479347
1.9 300 10.411580322580539
2.0 300 10.721498436052338
2.1 300 10.799213185195018
2.2 300 11.548833847480717
2.3 300 12.046282955945314
2.4 300 12.84941895119948
2.5 300 13.38093739222358
2.6 300 14.23380004344798
2.8 300 15.70921965668127
3.0 300 16.97774172774004
3.5 300 21.831374184497346
4.0 300 26.481929602861754
