0.1 700 7.727909515071989
0.2 700 3.73863002847071
0.3 700 4.046359636294965
0.4 700 4.463975468976649
0.5 700 4.686869276074878
0.6 700 4.808233650385129
0.7 700 4.987166219138133
0.8 700 5.151517027449416
0.9 700 5.361206473489456
1.0 700 5.533844210980562
1.1 700 5.778663213114171
1.2 700 6.247200587871026
1.3 700 6.758769228135799
1.4 700 6.860584623667241
1.5 700 6.944296207681029
1.6 700 7.089003217818103
1.7 700 7.239352458524474
1.8 700 7.332899048329971
1.9 700 7.39547736418603
2.0 700 7.56301825537124
2.1 700 7.719281141260661
2.2 700 7.933972891152658
2.3 700 8.18592396697932
2.4 700 9.434559500126557
2.5 700 9.874502748832406
2.6 700 10.34968784270875
2.8 700 11.56814669589566
3.0 700 12.665995317766804
3.5 700 15.8247214300208
4.0 700 24.79537395034592
