0.1 300 113.08003185403346
0.2 300 50.58676493801299
0.3 300 44.16900970372709
0.4 300 47.76195148795773
0.5 300 49.54588777817786
0.6 300 51.762090603351595
0.7 300 59.69229158604145
0.8 300 65.32391437351704
0.9 300 70.78208152985573
1.0 300 77.62999531924724
1.1 300 83.43270783650875
1.2 300 89.3147979863882
1.3 300 96.33593786394596
1.4 300 100.67640737712384
1.5 300 104.74389952647687
1.6 300 119.45019647872448
1.7 300 137.59356221091747
1.8 300 143.18922363722325
1.9 300 142.31969688856603
2.0 300 141.54672419416903
2.1 300 145.29851772248745
2.2 300 159.89966323888302
2.3 300 192.25864690864086
2.4 300 238.99947308218478
2.5 300 281.0739384258986
2.6 300 312.0519867027998
2.8 300 355.6768779441118
3.0 300 391.3569786678553
3.5 300 494.489140337348
4.0 300 616.1237367502451
