0.1 400 6.8590611394716925
0.2 400 4.291657537508656
0.3 400 3.7202075648632236
0.4 400 3.432453413701636
0.5 400 3.2210261552537793
0.6 400 2.8926629947976936
0.7 400 2.6382021348100153
0.8 400 2.409468851167316
0.9 400 2.1718166539315718
1.0 400 1.9589842809484748
1.1 400 1.76048979696033
1.2 400 1.6077000686536158
1.3 400 1.5168595338679989
1.4 400 1.4705608215726642
1.5 400 1.440273576354546
1.6 400 1.4203225864476372
1.7 400 1.4029754996266601
1.8 400 1.4084182900510531
1.9 400 1.4175214725894365
2.0 400 1.408215208073645
2.1 400 1.4409846560022015
2.2 400 1.4842426443297336
2.3 400 1.5328364682970606
2.4 400 1.5876935302525563
2.5 400 1.6420222920995766
2.6 400 1.7045073086059164
2.8 400 1.863649166313324
3.0 400 2.05114414775369
3.5 400 2.957637322600964
4.0 400 5.108016904257299
