0.1 600 5.525728160040311
0.2 600 3.205553240986199
0.3 600 2.3513334233353214
0.4 600 2.2298064108478632
0.5 600 2.193827131900797
0.6 600 2.1256622079343988
0.7 600 1.9983798036980405
0.8 600 1.8631387584665717
0.9 600 1.742324545867412
1.0 600 1.614775602976184
1.1 600 1.501093584984329
1.2 600 1.400791931427575
1.3 600 1.3413517143266618
1.4 600 1.3100223646866762
1.5 600 1.305216080323411
1.6 600 1.320548254172634
1.7 600 1.3354436827370046
1.8 600 1.3411364563867938
1.9 600 1.3369670674567715
2.0 600 1.3369533732647287
2.1 600 1.3490704949156824
2.2 600 1.3726358551435733
2.3 600 1.385127306596729
2.4 600 1.4019198285669008
2.5 600 1.450062779858101
2.6 600 1.4987225793767467
2.8 600 1.5800670873107192
3.0 600 1.6932284105730395
3.5 600 2.349456992712625
4.0 600 3.3874308804259963
