0.1 300 8.160945696925046
0.2 300 5.037285126577616
0.3 300 4.236889077840644
0.4 300 3.834469254555047
0.5 300 3.387561223586694
0.6 300 3.1093097859595584
0.7 300 2.7815619324889878
0.8 300 2.4927048684425914
0.9 300 2.2474874752589766
1.0 300 1.9899273512042164
1.1 300 1.771291324933034
1.2 300 1.6242853325633442
1.3 300 1.5492973542965738
1.4 300 1.498242151372917
1.5 300 1.4582749946414806
1.6 300 1.4133774204182301
1.7 300 1.3958099672889257
1.8 300 1.404444769616359
1.9 300 1.448071502775103
2.0 300 1.5154859021252232
2.1 300 1.5858771007878276
2.2 300 1.666082012518109
2.3 300 1.7669638513450372
2.4 300 1.8647502550560784
2.5 300 1.9513416217036175
2.6 300 2.03684135555258
2.8 300 2.2363371678646327
3.0 300 2.5215626101710042
3.5 300 4.128326835533492
4.0 300 6.856674998189879
