0.1 500 6.639547831353464
0.2 500 3.598632482688346
0.3 500 2.7240621654259956
0.4 500 2.5278396986062632
0.5 500 2.4782921435337504
0.6 500 2.3833678582972224
0.7 500 2.187394249771979
0.8 500 2.0411321001421068
0.9 500 1.8595999339719338
1.0 500 1.7151937066768406
1.1 500 1.6005839671019348
1.2 500 1.4954127252704748
1.3 500 1.4209592596697003
1.4 500 1.395622657932192
1.5 500 1.39655588715657
1.6 500 1.397572377883127
1.7 500 1.3814338066143719
1.8 500 1.3817641330798833
1.9 500 1.3811702185372743
2.0 500 1.3830606232103346
2.1 500 1.3886139096165462
2.2 500 1.4004334378773966
2.3 500 1.4462881206538332
2.4 500 1.5036630133161415
2.5 500 1.5514806428932097
2.6 500 1.5924834194818431
2.8 500 1.7060195799147804
3.0 500 1.8601910611995882
3.5 500 2.4650318166779432
4.0 500 3.8672955958064157
