0.1 500 28.121622629495356
0.2 500 21.374645257603085
0.3 500 15.253788561172398
0.4 500 12.519670082365424
0.5 500 7.971080985297584
0.6 500 6.826781511716601
0.7 500 10.382617562173657
0.8 500 10.765097458543082
0.9 500 6.124467472188989
1.0 500 6.3099704761384094
1.1 500 6.466039179235293
1.2 500 6.623322731251581
1.3 500 6.993584040943224
1.4 500 7.024092632145464
1.5 500 7.2670808138557295
1.6 500 8.078274841245042
1.7 500 8.373119626558571
1.8 500 8.659108604872708
1.9 500 8.80697825943181
2.0 500 9.016158091691581
2.1 500 9.434521281168491
2.2 500 9.668201324149347
2.3 500 9.98494499261399
2.4 500 10.571762639969387
2.5 500 11.012395275257484
2.6 500 11.743360620671313
2.8 500 13.402793247466299
3.0 500 14.888343833384003
3.5 500 18.93587268695758
4.0 500 23.750031287500573
