0.1 300 10.600505788545993
0.2 300 6.630641801729642
0.3 300 4.203355853507408
0.4 300 3.76377532757647
0.5 300 3.698402816597103
0.6 300 3.8100780066486113
0.7 300 4.061637900390444
0.8 300 4.333632344896366
0.9 300 4.730240884380462
1.0 300 5.043972980495484
1.1 300 5.180733903352553
1.2 300 5.291424793065416
1.3 300 5.487365071880868
1.4 300 5.771424892554995
1.5 300 6.044313018219447
1.6 300 6.2587883738362615
1.7 300 6.431342299723641
1.8 300 6.647033680688404
1.9 300 7.086403763316063
2.0 300 7.337197941736671
2.1 300 7.755946389499612
2.2 300 8.077032120571507
2.3 300 8.420421316395663
2.4 300 8.68413232788608
2.5 300 9.083235508995175
2.6 300 9.613587567599028
2.8 300 12.189622936167405
3.0 300 13.379891287994251
3.5 300 18.141740047629657
4.0 300 27.163625401205433
