0.1 700 5.171366025949283
0.2 700 2.9971231956554205
0.3 700 2.5565641591884027
0.4 700 2.5894557874393165
0.5 700 2.5784251646345657
0.6 700 2.5234202173363616
0.7 700 2.4020900659165023
0.8 700 2.2385063154960148
0.9 700 2.0485951811539134
1.0 700 1.83283521986934
1.1 700 1.7120552669287772
1.2 700 1.601951784338049
1.3 700 1.4824954413553169
1.4 700 1.405879350464351
1.5 700 1.3673280562336694
1.6 700 1.346204132259587
1.7 700 1.3401332676018027
1.8 700 1.331719033407866
1.9 700 1.3317554310110318
2.0 700 1.324263218972341
2.1 700 1.3328919451120056
2.2 700 1.3179365600080963
2.3 700 1.3320741891180843
2.4 700 1.3369045151709325
2.5 700 1.367415336232054
2.6 700 1.4361213743220178
2.8 700 1.5524397947177095
3.0 700 1.6323380963965937
3.5 700 2.1341588658185464
4.0 700 3.0747153991020495
