0.1 400 5.872260879418111
0.2 400 3.5380525164203482
0.3 400 3.5180107004636048
0.4 400 3.602771535361375
0.5 400 3.8307758845944337
0.6 400 4.0346259498387225
0.7 400 4.276910578487612
0.8 400 4.519600357468182
0.9 400 4.799295605233794
1.0 400 4.921035216637305
1.1 400 5.0556629349559445
1.2 400 5.284138427446757
1.3 400 5.449066140982162
1.4 400 5.732320033340737
1.5 400 5.971661677943509
1.6 400 6.329216347790083
1.7 400 6.602422830218849
1.8 400 6.659644604930298
1.9 400 6.7815187645488875
2.0 400 7.0536679110441725
2.1 400 7.423007468759679
2.2 400 7.758558253693125
2.3 400 8.81068233809467
2.4 400 9.38184622005367
2.5 400 9.80820028978393
2.6 400 10.096476132470416
2.8 400 10.721812284366209
3.0 400 12.464839482073378
3.5 400 16.73205405578179
4.0 400 22.229872330254857
