0.1 500 18.57411169962526
0.2 500 11.667292506426591
0.3 500 8.818599318421938
0.4 500 5.956641555345763
0.5 500 10.467097707129273
0.6 500 8.062750115017094
0.7 500 5.019966159313688
0.8 500 5.055611766530659
0.9 500 5.22202905692783
1.0 500 5.583455738278379
1.1 500 5.97197691374462
1.2 500 6.115616788831299
1.3 500 6.359587793476596
1.4 500 6.824225080552755
1.5 500 7.188554781753126
1.6 500 7.15276980416882
1.7 500 7.1209474295912445
1.8 500 7.316778161145379
1.9 500 7.540087808545039
2.0 500 7.74042143310295
2.1 500 8.034675813314873
2.2 500 8.40217715811445
2.3 500 8.888055954329534
2.4 500 9.97548541156545
2.5 500 10.482959368714765
2.6 500 11.051089936276785
2.8 500 12.189337774533854
3.0 500 12.968744365653787
3.5 500 16.52906828709582
4.0 500 22.07150559726974
