0.1 600 5.6827534582954105
0.2 600 3.5170583696524336
0.3 600 3.8005333147278217
0.4 600 4.171484599142221
0.5 600 4.464210535617003
0.6 600 4.60489400600825
0.7 600 4.766864365100886
0.8 600 4.925398656827671
0.9 600 5.120802950583937
1.0 600 5.326123038839247
1.1 600 5.6953317853743535
1.2 600 5.903048017797686
1.3 600 6.143855869270595
1.4 600 6.200536518934968
1.5 600 6.345149361933855
1.6 600 6.656295451234226
1.7 600 6.873254253843607
1.8 600 7.0709096088162955
1.9 600 7.289406600678674
2.0 600 7.430479249116452
2.1 600 7.649690732889158
2.2 600 7.8745929464196305
2.3 600 8.183171346855884
2.4 600 8.524520044875077
2.5 600 9.896004549679903
2.6 600 10.39173744037653
2.8 600 11.400095693395789
3.0 600 12.128472092884524
3.5 600 15.598656973591519
4.0 600 21.712835795664354
