0.1 400 6.436148635363335
0.2 400 3.9707356825730695
0.3 400 2.7786442076188
0.4 400 2.4695210180140243
0.5 400 2.289466830268968
0.6 400 2.1522332560951782
0.7 400 1.9980641337337048
0.8 400 1.8906190404145162
0.9 400 1.7551673875886087
1.0 400 1.5921056895795738
1.1 400 1.450443622741117
1.2 400 1.3672497602164257
1.3 400 1.3386060036739764
1.4 400 1.3501734253127906
1.5 400 1.3744112879063142
1.6 400 1.3868689512121164
1.7 400 1.3910027172775845
1.8 400 1.382133555606877
1.9 400 1.3896790469813314
2.0 400 1.405927052702933
2.1 400 1.4079527285864788
2.2 400 1.4652839555177817
2.3 400 1.5257123706838212
2.4 400 1.5755587892691874
2.5 400 1.6234345526425205
2.6 400 1.6779837273201883
2.8 400 1.8399636426311081
3.0 400 2.076478273241959
3.5 400 2.9818255525141177
4.0 400 5.095732558911583
