0.1 600 25.033314955866565
0.2 600 19.1512996931452
0.3 600 16.79933152280053
0.4 600 15.023970337318998
0.5 600 10.494059724459674
0.6 600 11.490844128432306
0.7 600 9.0240407831327
0.8 600 7.852327987876564
0.9 600 10.120256497055234
1.0 600 7.578576320660086
1.1 600 9.932682105233233
1.2 600 9.340361336220463
1.3 600 8.861900247685492
1.4 600 8.619252455918723
1.5 600 8.780178242638307
1.6 600 8.969142801090365
1.7 600 9.205409693234774
1.8 600 9.253657553510667
1.9 600 9.552413963604435
2.0 600 9.685302608103203
2.1 600 9.932511804766534
2.2 600 10.55629029529423
2.3 600 10.881703642380387
2.4 600 11.595897406908017
2.5 600 11.977650279126417
2.6 600 12.622510783444621
2.8 600 14.251849007299446
3.0 600 15.854078989559847
3.5 600 20.029872452073604
4.0 600 24.566242357828727
