0.1 300 7.717373545446939
0.2 300 4.772319626891038
0.3 300 3.614279112704588
0.4 300 3.4312614287218666
0.5 300 3.0466217020359254
0.6 300 2.847636724217442
0.7 300 2.621121954777821
0.8 300 2.3934300040454346
0.9 300 2.170790962520069
1.0 300 1.9412090004917955
1.1 300 1.7369036098957986
1.2 300 1.6068425728647235
1.3 300 1.541336853969955
1.4 300 1.4943589390242669
1.5 300 1.4570379858788474
1.6 300 1.4133742789986172
1.7 300 1.397023784185414
1.8 300 1.4049435695131578
1.9 300 1.4482170599299171
2.0 300 1.5157110601287604
2.1 300 1.5861720066666931
2.2 300 1.6660578731744062
2.3 300 1.7669401747169067
2.4 300 1.8648441083168181
2.5 300 1.9515396782528587
2.6 300 2.037178498943893
2.8 300 2.236663075000051
3.0 300 2.521731351702674
3.5 300 4.128392147650829
4.0 300 6.8566653305549154
