0.1 500 6.471074683205126
0.2 500 3.9185152068123354
0.3 500 3.6030279533140166
0.4 500 3.9482120456982086
0.5 500 4.1064926977020475
0.6 500 4.497930407697066
0.7 500 4.557966960878733
0.8 500 4.673612866007858
0.9 500 4.973053450303404
1.0 500 5.2334426236813085
1.1 500 5.472290216098336
1.2 500 5.52422254967903
1.3 500 5.628044171815262
1.4 500 5.821137604746167
1.5 500 6.244552111383429
1.6 500 6.45205102128597
1.7 500 6.6661268776958424
1.8 500 6.916652134650172
1.9 500 7.088344488773281
2.0 500 7.240609374029453
2.1 500 7.48245966807822
2.2 500 7.807326063297234
2.3 500 8.140121508775668
2.4 500 9.665110725160089
2.5 500 10.06861255112827
2.6 500 10.690693787013876
2.8 500 11.197706066239997
3.0 500 11.729321541517601
3.5 500 16.153089204681706
4.0 500 25.830476950749755
