0.1 300 8.056033896323864
0.2 300 4.9841753812918395
0.3 300 4.21659634449618
0.4 300 3.8278738548813114
0.5 300 3.385628099048462
0.6 300 3.108841197219804
0.7 300 2.7814623426749114
0.8 300 2.49267845690399
0.9 300 2.2474606008502906
1.0 300 1.989905508539887
1.1 300 1.7712833517150393
1.2 300 1.6242838548876861
1.3 300 1.5492966467322804
1.4 300 1.4982418201574728
1.5 300 1.4582749220309161
1.6 300 1.4133774067343075
1.7 300 1.3958099627980882
1.8 300 1.4044447731786678
1.9 300 1.4480715599564464
2.0 300 1.51548592024131
2.1 300 1.585877071007857
2.2 300 1.6660820188622782
2.3 300 1.7669638063733328
2.4 300 1.8647502279247892
2.5 300 1.9513416210405157
2.6 300 2.0368414165355824
2.8 300 2.236337138174069
3.0 300 2.521562525927289
3.5 300 4.12832693933498
4.0 300 6.856677100296689
