0.1 700 27.47812832855665
0.2 700 21.041780358621885
0.3 700 16.59605009783978
0.4 700 11.423256576731127
0.5 700 7.526043580781889
0.6 700 10.035099718594688
0.7 700 10.415705652451217
0.8 700 9.52655773892091
0.9 700 7.254197750729392
1.0 700 6.92076181290191
1.1 700 7.824670768164786
1.2 700 8.205443320758427
1.3 700 8.124903367226535
1.4 700 8.380647511376722
1.5 700 8.435254470259737
1.6 700 8.629895822935906
1.7 700 8.839444795155272
1.8 700 8.878246383380304
1.9 700 9.201301840101372
2.0 700 9.301635326452327
2.1 700 9.463122899010948
2.2 700 9.723943651386314
2.3 700 10.011216754189467
2.4 700 10.338186530636404
2.5 700 10.696023046548337
2.6 700 11.276218904950307
2.8 700 12.672741552314484
3.0 700 14.067225103041087
3.5 700 18.221090085947697
4.0 700 22.60704503242947
