0.1 600 5.50697648572994
0.2 600 3.4642073334137327
0.3 600 3.0376064456006953
0.4 600 3.0570736061155865
0.5 600 2.996028974622531
0.6 600 2.811533141145692
0.7 600 2.526148989143864
0.8 600 2.321972003371656
0.9 600 2.068055410595503
1.0 600 1.8785929390339406
1.1 600 1.7420452696623252
1.2 600 1.6144676540148322
1.3 600 1.4871327562095502
1.4 600 1.4117697908337832
1.5 600 1.3822428571990422
1.6 600 1.3636784701618563
1.7 600 1.3539660206538064
1.8 600 1.3504031938520238
1.9 600 1.3485600219779044
2.0 600 1.3455242810886447
2.1 600 1.3480482942370617
2.2 600 1.3461528471009552
2.3 600 1.3464978275008652
2.4 600 1.3873175923551935
2.5 600 1.449066634023653
2.6 600 1.5074376382135124
2.8 600 1.6093317013536326
3.0 600 1.7157027657152248
3.5 600 2.310787005698625
4.0 600 3.3348158851985974
