0.1 400 25.422522866726062
0.2 400 19.488560826946113
0.3 400 15.040190160675447
0.4 400 15.230176908347847
0.5 400 12.774407104339387
0.6 400 9.397477379006276
0.7 400 10.128002122505329
0.8 400 12.172594310055025
0.9 400 14.076558065179922
1.0 400 13.228655480171469
1.1 400 7.018007521129719
1.2 400 7.489894470319425
1.3 400 7.71367802799588
1.4 400 7.722912449309053
1.5 400 7.959115056709867
1.6 400 8.261193447782272
1.7 400 8.514482634670276
1.8 400 8.797308607686329
1.9 400 8.946068019227685
2.0 400 9.113002046448841
2.1 400 9.344628579942611
2.2 400 9.791775200126162
2.3 400 10.128323460853789
2.4 400 10.75368500102111
2.5 400 11.883873637119036
2.6 400 13.221289966440985
2.8 400 15.13892361430567
3.0 400 16.650305422955693
3.5 400 20.58381494652093
4.0 400 25.987503210102986
