0.1 400 6.1381695234827225
0.2 400 3.886769869368891
0.3 400 2.972698341272081
0.4 400 2.7705743405305414
0.5 400 2.652726163726928
0.6 400 2.497022067128167
0.7 400 2.3429082108438988
0.8 400 2.195227644606424
0.9 400 2.0116073700968506
1.0 400 1.8164313578908986
1.1 400 1.6511039314111877
1.2 400 1.5328572166459598
1.3 400 1.4836690862913928
1.4 400 1.4547815261693868
1.5 400 1.4378196587158563
1.6 400 1.4216305282408392
1.7 400 1.4199835356524309
1.8 400 1.4103929502835708
1.9 400 1.4175852478320048
2.0 400 1.4099749161979744
2.1 400 1.4432773666309113
2.2 400 1.4860998407526385
2.3 400 1.5359051241935266
2.4 400 1.5886232672518272
2.5 400 1.6408901875900375
2.6 400 1.7032093245463802
2.8 400 1.864177876510341
3.0 400 2.0526807346933382
3.5 400 2.9573606212830965
4.0 400 5.108620205002317
