0.1 500 5.578755290785364
0.2 500 3.4074180022610947
0.3 500 2.737625914955381
0.4 500 2.553400087424727
0.5 500 2.5662761598299544
0.6 500 2.4391753704207724
0.7 500 2.252623536449025
0.8 500 2.093963086934842
0.9 500 1.89806738401327
1.0 500 1.7520312593435348
1.1 500 1.6218465356565284
1.2 500 1.5124930717674252
1.3 500 1.43407729855875
1.4 500 1.4060349027178853
1.5 500 1.4026352486319047
1.6 500 1.3939283599258305
1.7 500 1.3857485825916265
1.8 500 1.3849697956357303
1.9 500 1.383920934453261
2.0 500 1.385547912188984
2.1 500 1.3843618337659318
2.2 500 1.4030626474563068
2.3 500 1.448687216782917
2.4 500 1.505204016548003
2.5 500 1.5528003388300167
2.6 500 1.5938092948577869
2.8 500 1.7069973577195523
3.0 500 1.8601880184478687
3.5 500 2.4642049252556717
4.0 500 3.8670199486430246
