0.1 600 10.99357616721818
0.2 600 4.839104700368855
0.3 600 3.1396994092661936
0.4 600 2.4398262938212882
0.5 600 2.2521364499621295
0.6 600 2.080204834591157
0.7 600 1.974575647361725
0.8 600 1.8794961064206732
0.9 600 1.7239188819606683
1.0 600 1.5754626176675794
1.1 600 1.4456388672884855
1.2 600 1.3472974008864276
1.3 600 1.2694017897233898
1.4 600 1.2089118829920735
1.5 600 1.170291090603274
1.6 600 1.1590142469505336
1.7 600 1.1726807512530903
1.8 600 1.1891365241139684
1.9 600 1.200636792988862
2.0 600 1.204066238098425
2.1 600 1.202814193441849
2.2 600 1.2233559878053528
2.3 600 1.2467006437522103
2.4 600 1.2768204957021845
2.5 600 1.3141772127381446
2.6 600 1.379392046549885
2.8 600 1.5011023310184863
3.0 600 1.5860961773945346
3.5 600 2.0733307536858447
4.0 600 3.506904368410822
