0.1 500 5.688723146092696
0.2 500 3.540677598344311
0.3 500 3.543805783088272
0.4 500 3.9112382291224566
0.5 500 4.098947616194364
0.6 500 4.510621818934917
0.7 500 4.4875613348370065
0.8 500 4.676174369174674
0.9 500 4.974168137588684
1.0 500 5.235013996530688
1.1 500 5.474506581331079
1.2 500 5.525483978087003
1.3 500 5.627372909954272
1.4 500 5.820466043048527
1.5 500 6.244152267233836
1.6 500 6.451748581754659
1.7 500 6.666015110591015
1.8 500 6.9166348918720795
1.9 500 7.0882782293704985
2.0 500 7.240557382641251
2.1 500 7.482427762032247
2.2 500 7.807301850191794
2.3 500 8.140102128385024
2.4 500 9.665094410680565
2.5 500 10.068600187899323
2.6 500 10.690682834495554
2.8 500 11.197702604730054
3.0 500 11.729320686488972
3.5 500 16.153089310539556
4.0 500 25.830476942658425
