0.1 500 7.173654608794019
0.2 500 3.8014330054802885
0.3 500 2.571018247044644
0.4 500 2.279659938346833
0.5 500 2.161472834346369
0.6 500 2.075735637887303
0.7 500 1.912088078246042
0.8 500 1.757012184374529
0.9 500 1.6390149570994716
1.0 500 1.5137230081553472
1.1 500 1.4140476623847171
1.2 500 1.3216997958547398
1.3 500 1.2702525201295467
1.4 500 1.2504516304451354
1.5 500 1.271383098197457
1.6 500 1.3066181632816989
1.7 500 1.3349595663652254
1.8 500 1.3490059667836432
1.9 500 1.3511496246014976
2.0 500 1.351812585583455
2.1 500 1.3597992863615254
2.2 500 1.3737650190680033
2.3 500 1.4041943274245459
2.4 500 1.4584879726398248
2.5 500 1.5016729713323038
2.6 500 1.5385127808516008
2.8 500 1.6400394813598287
3.0 500 1.8068342964707735
3.5 500 2.63239288877376
4.0 500 3.903581720353108
