0.1 300 421.8677474134392
0.2 300 258.1047462008729
0.3 300 135.72467897999954
0.4 300 141.8536319979401
0.5 300 137.1326136518296
0.6 300 145.7316975517562
0.7 300 162.53823987923445
0.8 300 147.9746181303882
0.9 300 153.7178123918922
1.0 300 152.50195677254476
1.1 300 152.80249372611243
1.2 300 152.09495228371446
1.3 300 153.21444940429208
1.4 300 157.0378280080634
1.5 300 176.6050379883189
1.6 300 186.4700849957111
1.7 300 184.96021596577364
1.8 300 183.5337477296301
1.9 300 192.22863404937107
2.0 300 224.60196580709717
2.1 300 278.84143777677093
2.2 300 334.4278835855971
2.3 300 376.85728818034465
2.4 300 405.14307165139695
2.5 300 425.3509642977112
2.6 300 442.42638892721317
2.8 300 476.4628088785366
3.0 300 515.7663700786077
3.5 300 655.1219598040334
4.0 300 836.2072678433163
