0.1 700 22.87587212615685
0.2 700 15.858995612743195
0.3 700 14.102669330880884
0.4 700 13.616583780611426
0.5 700 13.584607542528358
0.6 700 13.718203971780916
0.7 700 13.071439675199029
0.8 700 12.961895522273611
0.9 700 12.698342741926158
1.0 700 12.361829148477781
1.1 700 12.440472147596772
1.2 700 12.297120638755223
1.3 700 11.8053659975104
1.4 700 11.403830495083568
1.5 700 11.14961313753249
1.6 700 11.220934674036704
1.7 700 11.152844415204935
1.8 700 11.148668795452101
1.9 700 11.228772483702365
2.0 700 10.919034297119595
2.1 700 10.890377979418147
2.2 700 10.10761823646931
2.3 700 9.50048443083074
2.4 700 8.911218637594864
2.5 700 8.705855552057168
2.6 700 8.86070433872413
2.8 700 9.901181660382123
3.0 700 11.362490321199994
3.5 700 9.684920313831107
4.0 700 11.753370835399274
