0.1 600 22.542122340648554
0.2 600 16.626342721865036
0.3 600 14.284848986741155
0.4 600 13.812227160527245
0.5 600 13.292440065403518
0.6 600 13.35151249180309
0.7 600 12.625766363644702
0.8 600 12.25593204542422
0.9 600 12.071344303324226
1.0 600 11.613860204013239
1.1 600 11.427586940712015
1.2 600 11.23008845521105
1.3 600 10.677524502773126
1.4 600 10.539316292869232
1.5 600 10.787086480262762
1.6 600 11.039348245684623
1.7 600 10.981091854597242
1.8 600 10.72923940158973
1.9 600 10.498091355511798
2.0 600 10.001122690161607
2.1 600 9.158392595149841
2.2 600 8.601480871767238
2.3 600 8.351768781320224
2.4 600 8.56738767238739
2.5 600 9.14293921662186
2.6 600 10.059631755436149
2.8 600 10.765432646427898
3.0 600 14.777345499638173
3.5 600 10.281918659204077
4.0 600 14.068432067692719
