0.1 500 70.93578601744044
0.2 500 63.09000708438928
0.3 500 45.50295137965332
0.4 500 36.593845498108394
0.5 500 23.103823965307402
0.6 500 23.761851658949507
0.7 500 23.243313774655924
0.8 500 22.656200839260475
0.9 500 23.615137195123577
1.0 500 24.25009046717048
1.1 500 25.44482192184944
1.2 500 25.234166845411323
1.3 500 25.149086455558592
1.4 500 24.132104869595086
1.5 500 23.655814665746565
1.6 500 24.35741589469775
1.7 500 24.631746534091825
1.8 500 24.831011837306757
1.9 500 24.83687268691404
2.0 500 24.415448670508525
2.1 500 24.777553098847374
2.2 500 25.065599105613327
2.3 500 25.924756322858048
2.4 500 27.080518834336388
2.5 500 28.375137763762915
2.6 500 29.84347306836309
2.8 500 37.85938473849086
3.0 500 48.9066676547203
3.5 500 51.6282223590964
4.0 500 96.82758888030908
