0.1 700 74.7892648645382
0.2 700 69.66149849437532
0.3 700 58.988827599303455
0.4 700 55.14771897821066
0.5 700 37.46668608096539
0.6 700 26.420332038322137
0.7 700 23.499637374857272
0.8 700 24.110070515417906
0.9 700 24.534778624074285
1.0 700 25.115463732490532
1.1 700 27.039841961701097
1.2 700 29.550190558476118
1.3 700 30.605931388482077
1.4 700 31.192933192523412
1.5 700 31.35846171514062
1.6 700 31.47445406231604
1.7 700 29.55395294476085
1.8 700 29.614349940557723
1.9 700 29.432798522136633
2.0 700 29.86962346329918
2.1 700 31.508121279209018
2.2 700 32.88391305083299
2.3 700 33.19197979687786
2.4 700 33.362313759204675
2.5 700 34.340611156714004
2.6 700 36.085930455797104
2.8 700 38.20238070800856
3.0 700 37.5712813556676
3.5 700 33.02428789885191
4.0 700 80.71278052130164
