0.1 700 22.146471183731553
0.2 700 16.040921566801856
0.3 700 13.897448363633105
0.4 700 13.390949609908018
0.5 700 13.015167908075343
0.6 700 13.08801987959302
0.7 700 12.394904794548832
0.8 700 12.107480802248217
0.9 700 12.116073455446777
1.0 700 11.488831757106594
1.1 700 11.23554928649837
1.2 700 11.249768673269305
1.3 700 10.874529352866375
1.4 700 10.427940617168513
1.5 700 10.478667744823058
1.6 700 10.675794711593552
1.7 700 10.661517322021291
1.8 700 10.403410547229786
1.9 700 9.950459051516534
2.0 700 9.805843066167608
2.1 700 9.371397905875208
2.2 700 8.983806442262733
2.3 700 8.613286068883653
2.4 700 8.756747923624431
2.5 700 9.151284226677376
2.6 700 9.85452209597008
2.8 700 9.39556724822874
3.0 700 9.593395415340954
3.5 700 10.170034442274712
4.0 700 13.299814008229365
