0.1 400 72.42892005077124
0.2 400 67.19126138991201
0.3 400 55.122712311488186
0.4 400 45.157454593170826
0.5 400 36.62020770417591
0.6 400 26.552452249210408
0.7 400 23.27405827739974
0.8 400 24.220247580574984
0.9 400 25.4159031919517
1.0 400 26.47581131099017
1.1 400 26.337560821159126
1.2 400 25.377216127654084
1.3 400 24.76202545259892
1.4 400 24.36293277464045
1.5 400 24.26842052396792
1.6 400 24.390260363015997
1.7 400 24.424214506655073
1.8 400 24.5650653752737
1.9 400 24.58633280938644
2.0 400 24.535082026357212
2.1 400 24.536102647534445
2.2 400 24.666817018812566
2.3 400 25.199728722160646
2.4 400 26.01736525306919
2.5 400 27.363828914759857
2.6 400 27.13408518212317
2.8 400 28.365274625688436
3.0 400 33.40444690268793
3.5 400 67.07040987170878
4.0 400 75.94233158918071
