0.1 500 304.18496391734436
0.2 500 127.68321447304281
0.3 500 133.11958276373443
0.4 500 143.09154971593048
0.5 500 150.5146171789251
0.6 500 148.49632643723066
0.7 500 147.17758596943875
0.8 500 150.95856586162438
0.9 500 146.02114289044124
1.0 500 147.29816323759587
1.1 500 151.02416534566345
1.2 500 154.90510509405632
1.3 500 156.1002350478237
1.4 500 155.1236850825696
1.5 500 153.90869831140375
1.6 500 158.01799287207416
1.7 500 176.42254138781084
1.8 500 185.78806619014205
1.9 500 183.17660774281148
2.0 500 178.0560765537441
2.1 500 174.87280507847808
2.2 500 181.79962110103986
2.3 500 212.59195558414822
2.4 500 267.023965547331
2.5 500 325.5396636037957
2.6 500 375.4589268218606
2.8 500 452.1652171097937
3.0 500 505.9764737881708
3.5 500 630.6020057347367
4.0 500 758.5655148020354
