0.1 700 347.48245507017214
0.2 700 163.57807329536925
0.3 700 151.66754479825872
0.4 700 159.56659256456362
0.5 700 158.769324296121
0.6 700 173.99279895262035
0.7 700 155.63347380151038
0.8 700 152.346011401228
0.9 700 149.71682986066054
1.0 700 147.9022218808892
1.1 700 149.1125644108849
1.2 700 163.07389971935572
1.3 700 167.98316579886242
1.4 700 172.2460575510167
1.5 700 175.6523206502498
1.6 700 162.54327138489347
1.7 700 159.248419797766
1.8 700 167.92122146947494
1.9 700 174.6236727451069
2.0 700 177.3204495253904
2.1 700 175.65440600467196
2.2 700 174.1049880047051
2.3 700 173.5726738926217
2.4 700 184.21673691665436
2.5 700 217.80990734089264
2.6 700 267.5079373052927
2.8 700 364.4473433485247
3.0 700 475.2582870062817
3.5 700 633.1697496151097
4.0 700 754.1804628450388
