0.1 400 23.755188823233727
0.2 400 17.576005228249024
0.3 400 15.638187460147174
0.4 400 15.026310773457224
0.5 400 15.007739361722642
0.6 400 14.542507990782159
0.7 400 14.091733159000302
0.8 400 13.867605595023349
0.9 400 13.504164752704499
1.0 400 13.074219686508266
1.1 400 12.296821488346549
1.2 400 11.786681393505216
1.3 400 11.826653356676664
1.4 400 11.830859845807417
1.5 400 11.797420260489876
1.6 400 11.729712385783172
1.7 400 11.282453450193982
1.8 400 11.108601003533765
1.9 400 9.936193908397478
2.0 400 9.329644651163544
2.1 400 10.26898395860595
2.2 400 11.511850516128892
2.3 400 12.863292548047566
2.4 400 14.19436574739658
2.5 400 15.411712081133729
2.6 400 16.426249086435313
2.8 400 17.38224893007647
3.0 400 16.21211117989759
3.5 400 11.313626760565567
4.0 400 13.850776334188001
