0.1 500 21.17652515516981
0.2 500 19.486377040475652
0.3 500 17.662504083710335
0.4 500 17.11449015798319
0.5 500 16.74827246936471
0.6 500 16.29087253371124
0.7 500 15.63656724857968
0.8 500 14.779290806712364
0.9 500 14.243609805868475
1.0 500 13.709855706748572
1.1 500 12.89831612220428
1.2 500 12.1807388623888
1.3 500 12.066008596288317
1.4 500 12.236543687001577
1.5 500 12.354148055115358
1.6 500 12.470685968527388
1.7 500 12.76667399235784
1.8 500 12.604624818661483
1.9 500 12.352681831775717
2.0 500 11.920289775540786
2.1 500 11.231055663415484
2.2 500 8.473654742061496
2.3 500 8.452102978302674
2.4 500 8.665854325207198
2.5 500 9.077146473636377
2.6 500 9.645553036584655
2.8 500 10.914219944754223
3.0 500 11.418247896701208
3.5 500 9.87405438064238
4.0 500 12.881902240762305
