0.1 700 68.71298735231443
0.2 700 74.80981856699925
0.3 700 64.67405106678707
0.4 700 51.13377073322195
0.5 700 49.09507329861306
0.6 700 34.673078637548194
0.7 700 25.847065045542543
0.8 700 24.24652942840455
0.9 700 21.96748792748264
1.0 700 23.69121420343332
1.1 700 23.336849079742027
1.2 700 22.95092297954825
1.3 700 22.78298023662923
1.4 700 23.406524640027786
1.5 700 26.372557846125527
1.6 700 28.358313850226278
1.7 700 29.449116374491002
1.8 700 30.510571995562493
1.9 700 30.60596421416372
2.0 700 29.532858382061157
2.1 700 29.010125120129686
2.2 700 28.693116945224617
2.3 700 28.597725187192072
2.4 700 29.19877559875865
2.5 700 30.18916501615715
2.6 700 30.87565764498754
2.8 700 31.319418078262473
3.0 700 32.46149921183358
3.5 700 32.83117091944909
4.0 700 30.64598251618124
