0.1 600 352.9513470280471
0.2 600 162.54621982870157
0.3 600 142.02510743551153
0.4 600 147.07248794502974
0.5 600 168.09099599231072
0.6 600 167.42855563431138
0.7 600 148.57303199233587
0.8 600 151.29268504098644
0.9 600 147.5732407948165
1.0 600 147.0677340963811
1.1 600 148.94109761308235
1.2 600 151.85561386360797
1.3 600 154.5774427259201
1.4 600 154.48446357578334
1.5 600 155.9323507612967
1.6 600 154.53919092083393
1.7 600 153.90606830979291
1.8 600 166.8648888201315
1.9 600 175.2527386009839
2.0 600 176.0142184840932
2.1 600 173.85667770362406
2.2 600 172.8227119440052
2.3 600 180.603426724511
2.4 600 210.73507558476624
2.5 600 261.3408767946622
2.6 600 314.8530221299172
2.8 600 415.9731571571357
3.0 600 500.11250731744616
3.5 600 633.5921371285101
4.0 600 755.1274599162448
