0.1 600 71.33530044089956
0.2 600 31.523501878910043
0.3 600 20.07543592983867
0.4 600 20.127548886935077
0.5 600 19.32138623150225
0.6 600 19.99183426414592
0.7 600 21.587779907119533
0.8 600 21.989868418819487
0.9 600 22.012902191207004
1.0 600 22.283876220796472
1.1 600 23.09975739510267
1.2 600 23.517816977369254
1.3 600 23.57623344077257
1.4 600 22.95667780427916
1.5 600 22.38016790203726
1.6 600 21.742969313678277
1.7 600 21.619060074313047
1.8 600 21.49153752893443
1.9 600 20.9717933068534
2.0 600 20.87579143003892
2.1 600 20.33413190985959
2.2 600 20.24326666860125
2.3 600 19.647338598765952
2.4 600 19.38238656041209
2.5 600 19.716802471004243
2.6 600 21.006975480929892
2.8 600 26.717655392205337
3.0 600 34.128549433952685
3.5 600 50.709769819763444
4.0 600 65.8998319671349
