0.1 700 73.26282625002096
0.2 700 68.84844815614196
0.3 700 58.65010364196553
0.4 700 60.808752384720115
0.5 700 50.54059112078322
0.6 700 31.978573812912856
0.7 700 30.577005954959937
0.8 700 29.04857038801078
0.9 700 27.497577657801372
1.0 700 29.55383883416835
1.1 700 31.312676688731543
1.2 700 34.54432616509303
1.3 700 35.48784209602979
1.4 700 35.44951602885858
1.5 700 34.94049388270256
1.6 700 34.559317021999945
1.7 700 39.461760405604544
1.8 700 37.43205247919333
1.9 700 37.61378019970786
2.0 700 38.85875254329496
2.1 700 39.11352906785991
2.2 700 37.94259259177359
2.3 700 37.1179817532215
2.4 700 36.159201732153605
2.5 700 35.18243050420965
2.6 700 34.69725755795756
2.8 700 32.397532789252566
3.0 700 34.41327910726636
3.5 700 45.39055569063024
4.0 700 50.064415274824505
