0.1 500 20.619513260874363
0.2 500 16.64443758403857
0.3 500 14.669564479277476
0.4 500 14.310520393156843
0.5 500 13.565380728739704
0.6 500 13.469088056044196
0.7 500 12.90618515420857
0.8 500 12.943029919896986
0.9 500 12.6221480353149
1.0 500 12.50155349708348
1.1 500 11.969772274110232
1.2 500 11.018712659486871
1.3 500 10.7507730352815
1.4 500 10.98564946595711
1.5 500 11.132920442967428
1.6 500 11.330854510384617
1.7 500 11.268300885003166
1.8 500 11.092770237436135
1.9 500 9.200831057992938
2.0 500 8.479401360303376
2.1 500 8.705900247337993
2.2 500 9.285278536228292
2.3 500 9.401055697498464
2.4 500 10.631492537844453
2.5 500 9.513515596007796
2.6 500 9.719653841786796
2.8 500 10.09958361330323
3.0 500 10.509138369644791
3.5 500 10.226618628966348
4.0 500 14.879083601517491
