0.1 300 24.220772888289147
0.2 300 18.149459752377393
0.3 300 16.234048395933996
0.4 300 16.42830363071192
0.5 300 15.127449920492397
0.6 300 14.339482413315965
0.7 300 14.516431584129288
0.8 300 13.872525422511467
0.9 300 13.301760948734138
1.0 300 12.704864797600507
1.1 300 12.10020834038142
1.2 300 11.893691969143037
1.3 300 11.909240931132068
1.4 300 11.705600117901763
1.5 300 10.674977515029079
1.6 300 9.422403587097923
1.7 300 8.687895949073383
1.8 300 9.420761230640998
1.9 300 10.637000665424603
2.0 300 12.090307769766433
2.1 300 13.65078541852132
2.2 300 14.28991405141317
2.3 300 13.539692954972784
2.4 300 13.437910058046139
2.5 300 12.882955931534037
2.6 300 13.331639339955824
2.8 300 15.872518357101162
3.0 300 13.99411634880118
3.5 300 13.748331215670321
4.0 300 15.563453948030984
