0.1 300 22.94544914286652
0.2 300 19.147128166859584
0.3 300 18.3770927182528
0.4 300 18.578099670421214
0.5 300 17.308957474988652
0.6 300 17.539139014426826
0.7 300 16.428562899172153
0.8 300 15.60358453678618
0.9 300 15.005355988327121
1.0 300 14.397418020644235
1.1 300 13.955498605620953
1.2 300 13.718341583385254
1.3 300 13.509583108482975
1.4 300 13.270878647089916
1.5 300 13.05604332688952
1.6 300 12.391648962302753
1.7 300 11.794380655349096
1.8 300 12.441388618574356
1.9 300 12.908816568642273
2.0 300 13.451179658442907
2.1 300 14.040879124805945
2.2 300 14.574735791233943
2.3 300 14.92796576705977
2.4 300 15.056705683245069
2.5 300 15.026122737491852
2.6 300 14.853823371360065
2.8 300 13.704564211464135
3.0 300 11.909228601450012
3.5 300 13.043928245225544
4.0 300 15.17651778491066
