0.1 400 71.86054127159693
0.2 400 69.17597862627542
0.3 400 63.29986524128943
0.4 400 49.641871847215874
0.5 400 48.624394622667694
0.6 400 42.45484885804834
0.7 400 30.436895054076256
0.8 400 27.84414009869714
0.9 400 28.980476456392722
1.0 400 30.936067879956457
1.1 400 31.330767417417594
1.2 400 30.492203239819244
1.3 400 28.85525696043525
1.4 400 29.441818324061337
1.5 400 30.7569653133218
1.6 400 31.3028040586698
1.7 400 30.914716770431966
1.8 400 30.779238230705783
1.9 400 31.406258106024648
2.0 400 32.48532530739697
2.1 400 33.91773244725199
2.2 400 34.57506121353254
2.3 400 35.02646764845829
2.4 400 34.851968745353176
2.5 400 34.243590682645575
2.6 400 33.29654044830488
2.8 400 33.237344821883184
3.0 400 30.317610402709835
3.5 400 55.64654919039367
4.0 400 52.64634947032172
