0.1 600 19.99465504334999
0.2 600 16.512308599711748
0.3 600 15.453922010269443
0.4 600 15.791810675746078
0.5 600 15.664806710528921
0.6 600 15.47579632178406
0.7 600 14.893734164478508
0.8 600 14.598320627378289
0.9 600 14.125293362606097
1.0 600 14.093196603162319
1.1 600 13.727025252319157
1.2 600 12.845079315435173
1.3 600 12.236494013817174
1.4 600 12.039740128925732
1.5 600 12.233467462115907
1.6 600 12.395678054820893
1.7 600 12.633763865763795
1.8 600 12.908718114028126
1.9 600 13.107841394451588
2.0 600 13.303713148848859
2.1 600 13.10239963841022
2.2 600 12.074457423494524
2.3 600 9.395487696313653
2.4 600 8.66922621184138
2.5 600 8.216441047942187
2.6 600 8.103886916599635
2.8 600 8.74703232969377
3.0 600 9.633912933289478
3.5 600 9.045240071177519
4.0 600 12.221714247248556
