0.1 500 78.09810129194013
0.2 500 42.27803676100977
0.3 500 24.62942255438085
0.4 500 20.616012261395664
0.5 500 21.36686662310449
0.6 500 20.767276467573613
0.7 500 21.09665706358127
0.8 500 21.369286680321167
0.9 500 21.207993409389246
1.0 500 22.68133202324645
1.1 500 23.838471830410313
1.2 500 24.386812788785925
1.3 500 24.88376450105527
1.4 500 24.273304983000724
1.5 500 23.072760624560306
1.6 500 22.497892643931284
1.7 500 22.281572561125785
1.8 500 22.057982105671574
1.9 500 21.62746127881051
2.0 500 21.462991531539092
2.1 500 21.324797551988453
2.2 500 20.440537102178038
2.3 500 19.61580734943248
2.4 500 19.56643605515915
2.5 500 20.495297654290805
2.6 500 22.855291974359094
2.8 500 29.502852990145556
3.0 500 36.180971998904106
3.5 500 50.82215797535298
4.0 500 70.41615570238316
