0.1 300 26.4937242620755
0.2 300 21.75876769697463
0.3 300 17.923181353450563
0.4 300 16.001060364496272
0.5 300 16.07715553675669
0.6 300 15.165191592148561
0.7 300 14.12381671528959
0.8 300 14.262966166145244
0.9 300 13.695716290178764
1.0 300 12.831125198821768
1.1 300 12.181999718664658
1.2 300 11.462141404454112
1.3 300 11.1465257926945
1.4 300 10.99967595765121
1.5 300 10.909763055220656
1.6 300 9.835225479913934
1.7 300 8.916897950569318
1.8 300 8.695350069590123
1.9 300 9.161150305078388
2.0 300 10.167314529367857
2.1 300 11.586651423285982
2.2 300 13.254133731865588
2.3 300 15.49179352365616
2.4 300 17.274462212863163
2.5 300 19.877004691735575
2.6 300 21.606382237889655
2.8 300 22.66586365102671
3.0 300 19.21881549544391
3.5 300 11.4116897137368
4.0 300 14.572276950588678
