0.1 400 52.36594436006143
0.2 400 26.154410998515353
0.3 400 21.093800268324106
0.4 400 15.633148525211707
0.5 400 16.850607859770317
0.6 400 17.606021717670565
0.7 400 19.578622299928817
0.8 400 20.918938650903712
0.9 400 20.492187063974864
1.0 400 21.537741639730662
1.1 400 21.79277045175278
1.2 400 21.480579806419108
1.3 400 20.73021857331543
1.4 400 20.09180449583385
1.5 400 19.52977848917148
1.6 400 19.038164501198935
1.7 400 18.766437242913163
1.8 400 18.73467926284548
1.9 400 18.124015826562008
2.0 400 18.10752723977357
2.1 400 17.605541494037386
2.2 400 17.4354874157542
2.3 400 17.819411179789213
2.4 400 18.915475302964254
2.5 400 20.710591902716477
2.6 400 23.051425343968713
2.8 400 28.756044706705012
3.0 400 35.413414210806714
3.5 400 51.927504981352776
4.0 400 69.21797325957733
