0.1 300 336.4507929976437
0.2 300 151.62517993197156
0.3 300 149.2869135222352
0.4 300 151.466006329885
0.5 300 153.8574777838021
0.6 300 151.98172691053105
0.7 300 149.18470275270886
0.8 300 144.9611627133104
0.9 300 145.55832886973369
1.0 300 148.88185957727796
1.1 300 150.1061582246353
1.2 300 154.2359812740428
1.3 300 159.00175593580988
1.4 300 170.2924047042009
1.5 300 189.7235949901842
1.6 300 194.94370986947393
1.7 300 191.28647529405802
1.8 300 188.9149923777519
1.9 300 198.3038928581603
2.0 300 232.16315201708414
2.1 300 285.78922192131853
2.2 300 338.2102407353676
2.3 300 376.4981221261965
2.4 300 401.5462101764454
2.5 300 419.93503350836494
2.6 300 436.2323270264881
2.8 300 470.15313952515567
3.0 300 510.0135452739772
3.5 300 651.8253641048364
4.0 300 835.8200012057771
