0.1 400 343.12789194894265
0.2 400 138.80366489087936
0.3 400 123.44738693289437
0.4 400 131.90446296208196
0.5 400 140.7985247663582
0.6 400 135.81000622269343
0.7 400 150.74841133800854
0.8 400 145.43016895201214
0.9 400 145.02292414297995
1.0 400 148.37480702140707
1.1 400 151.60971886696083
1.2 400 155.86458664542454
1.3 400 158.66000478578405
1.4 400 158.12182089148632
1.5 400 159.45050458241158
1.6 400 172.37404873244594
1.7 400 187.50311253977094
1.8 400 187.23732801584478
1.9 400 181.3202625568273
2.0 400 178.45987241625335
2.1 400 191.73786322958856
2.2 400 234.26557435483588
2.3 400 294.0855718718771
2.4 400 349.1556339172052
2.5 400 390.2936042487807
2.6 400 420.6491184096168
2.8 400 466.616021935002
3.0 400 508.9743464662271
3.5 400 631.8727208636911
4.0 400 772.5801245048128
