0.1 600 20.583935873948423
0.2 600 18.89018939581199
0.3 600 17.08257542028534
0.4 600 16.626272276012003
0.5 600 16.34698354693293
0.6 600 16.083824057360967
0.7 600 15.24902171787504
0.8 600 14.835316410119567
0.9 600 14.313740065746575
1.0 600 14.166889960476382
1.1 600 13.73552157215417
1.2 600 12.849370850459174
1.3 600 12.243443300721056
1.4 600 12.049740861133749
1.5 600 12.244900201999709
1.6 600 12.408914645179243
1.7 600 12.645000204523937
1.8 600 12.914519267101735
1.9 600 13.108379970559207
2.0 600 13.303622942662166
2.1 600 13.107803103408962
2.2 600 12.083639996369048
2.3 600 9.39991888749621
2.4 600 8.668951800194776
2.5 600 8.214416843355107
2.6 600 8.101253146929833
2.8 600 8.743921482710094
3.0 600 9.632770045039804
3.5 600 9.045204406505949
4.0 600 12.221449627803352
