0.1 600 187.57249733047576
0.2 600 138.3774789529367
0.3 600 142.6467587036493
0.4 600 149.2169690758875
0.5 600 157.97087085484495
0.6 600 144.0614151225503
0.7 600 148.15988592799116
0.8 600 151.6053769099706
0.9 600 146.74935214463758
1.0 600 148.2126503226648
1.1 600 151.58293758211903
1.2 600 155.2894038455259
1.3 600 156.69580906478603
1.4 600 156.7784176516152
1.5 600 155.94503446974346
1.6 600 153.31094672916754
1.7 600 157.6897905501514
1.8 600 171.1925027519302
1.9 600 178.01645550305665
2.0 600 177.73038313832078
2.1 600 174.64033937007244
2.2 600 172.98259729772457
2.3 600 181.2736893477018
2.4 600 212.98424695489905
2.5 600 264.6251493634137
2.6 600 318.17262893461356
2.8 600 415.60635764183064
3.0 600 495.65896085952966
3.5 600 630.0712968924454
4.0 600 753.616776785067
