0.1 700 72.93986506175978
0.2 700 69.1576395757777
0.3 700 56.707934659770494
0.4 700 60.47085250172405
0.5 700 45.02157988977266
0.6 700 29.499139937286497
0.7 700 26.82258331375022
0.8 700 26.45127669777077
0.9 700 25.801354238080293
1.0 700 27.181365777536737
1.1 700 30.02306514117972
1.2 700 32.5765457463216
1.3 700 32.91247118499042
1.4 700 32.66366581352723
1.5 700 32.434028901156424
1.6 700 32.72753080706616
1.7 700 33.31420651991962
1.8 700 34.34433193864569
1.9 700 34.30178776918316
2.0 700 33.40229991787777
2.1 700 32.36135846367738
2.2 700 31.60504794526429
2.3 700 31.260025730694796
2.4 700 31.129631612685976
2.5 700 30.821111205133054
2.6 700 30.544583651504773
2.8 700 34.39517013953376
3.0 700 43.43703804991558
3.5 700 92.59066364768084
4.0 700 46.715922137440046
