0.1 300 71.26011417016
0.2 300 72.38234697248073
0.3 300 65.60056454765888
0.4 300 52.43110631348978
0.5 300 50.834506721966456
0.6 300 46.36620071973486
0.7 300 37.04159888796038
0.8 300 30.67117889005235
0.9 300 29.156830668717696
1.0 300 30.168974911094036
1.1 300 29.98396623138398
1.2 300 29.113902422847154
1.3 300 29.225488120491185
1.4 300 29.65654329777432
1.5 300 30.453823968276012
1.6 300 31.43387629750752
1.7 300 31.14019530212677
1.8 300 31.360702370119842
1.9 300 30.73106017633706
2.0 300 31.01924257072678
2.1 300 31.891423341834212
2.2 300 32.60445425740492
2.3 300 34.40822975415103
2.4 300 36.14125948945274
2.5 300 36.29686043623004
2.6 300 36.314397673550964
2.8 300 41.41038175170286
3.0 300 46.19073836090925
3.5 300 34.78556194701278
4.0 300 42.60739148085994
