0.1 400 26.535433080607955
0.2 400 20.13650154672211
0.3 400 17.077263697921154
0.4 400 15.275466419984793
0.5 400 14.600116473877563
0.6 400 14.133109736404826
0.7 400 13.64745853983119
0.8 400 12.875271439732877
0.9 400 12.591171919325447
1.0 400 12.231831438172096
1.1 400 11.889042760581628
1.2 400 11.439563547344157
1.3 400 10.69450142637605
1.4 400 10.246928703181895
1.5 400 10.279774932110673
1.6 400 10.38747860433521
1.7 400 10.159692405621293
1.8 400 9.445268752948909
1.9 400 8.533477341500078
2.0 400 8.158044941892248
2.1 400 8.831875477031357
2.2 400 10.211574906941737
2.3 400 11.80330673250771
2.4 400 13.485075662183023
2.5 400 15.308830813563599
2.6 400 17.228902423121355
2.8 400 20.26886668940014
3.0 400 19.906804398144175
3.5 400 11.604710605961278
4.0 400 14.183804176367333
