0.1 500 343.7656865978067
0.2 500 176.67385543071586
0.3 500 129.26877769388378
0.4 500 136.50784165036876
0.5 500 131.76622888812955
0.6 500 147.40898188644823
0.7 500 149.72169469330862
0.8 500 149.40190194644308
0.9 500 143.30216818251338
1.0 500 147.00870980669808
1.1 500 150.3085750313954
1.2 500 148.17927386772138
1.3 500 145.77488221436852
1.4 500 146.73742611797158
1.5 500 149.34802177386396
1.6 500 152.15126642007317
1.7 500 154.33090225568947
1.8 500 155.6100222621198
1.9 500 156.00916815590836
2.0 500 155.12300724200915
2.1 500 154.34528684053345
2.2 500 153.8384350167197
2.3 500 159.3915749094128
2.4 500 172.62706447446632
2.5 500 183.273075843055
2.6 500 185.83399375505272
2.8 500 180.09234885038632
3.0 500 174.87277014857486
3.5 500 297.0047960702905
4.0 500 452.1651984964069
