0.1 500 54.061428537640445
0.2 500 24.144935075346872
0.3 500 16.77492158854263
0.4 500 18.09846675150417
0.5 500 17.81137934477109
0.6 500 19.085828174976374
0.7 500 19.37026494684319
0.8 500 19.05216454608881
0.9 500 20.085575248838907
1.0 500 21.975425414215813
1.1 500 23.282303595875817
1.2 500 23.064460741158406
1.3 500 22.360212441434623
1.4 500 21.477877941973308
1.5 500 21.003044419461094
1.6 500 20.745170142979998
1.7 500 20.49644241220441
1.8 500 20.046754833853594
1.9 500 19.8322814706646
2.0 500 19.796544575259794
2.1 500 19.726679885860207
2.2 500 19.029439822334353
2.3 500 18.641430161207726
2.4 500 18.95120539979499
2.5 500 20.263202817180836
2.6 500 22.567522347791567
2.8 500 29.017885793378014
3.0 500 34.384756486039144
3.5 500 51.023961177338435
4.0 500 69.84588635907761
