0.1 400 21.970456072940888
0.2 400 19.77722662373192
0.3 400 19.09172409540868
0.4 400 17.855205321951328
0.5 400 18.09766910727517
0.6 400 16.7779807677273
0.7 400 15.926038524642317
0.8 400 15.074406922598328
0.9 400 14.488225351788122
1.0 400 13.824347717087683
1.1 400 13.125688673728968
1.2 400 12.616005867371156
1.3 400 12.485058261414636
1.4 400 12.403136477388983
1.5 400 12.385547129177626
1.6 400 12.654398703551403
1.7 400 12.635050142533071
1.8 400 12.596981778970356
1.9 400 12.538523540899517
2.0 400 11.951806720955092
2.1 400 9.536400464112333
2.2 400 10.4293869381202
2.3 400 11.57294599224897
2.4 400 12.715332818146816
2.5 400 13.721668874784186
2.6 400 14.545845107656294
2.8 400 15.555841471544197
3.0 400 15.082394548200268
3.5 400 11.326978479327627
4.0 400 13.821744484823192
