0.1 500 73.90050374051893
0.2 500 68.97274207116416
0.3 500 62.13297772085598
0.4 500 60.38892546592754
0.5 500 49.046448222314005
0.6 500 33.76982810609661
0.7 500 25.29264086515564
0.8 500 25.02311175883989
0.9 500 26.70732100897231
1.0 500 28.594917413412702
1.1 500 29.65852875732537
1.2 500 30.19422473019372
1.3 500 32.421198222673425
1.4 500 33.1355954524752
1.5 500 32.59443895399783
1.6 500 31.398036484696522
1.7 500 32.00033129648519
1.8 500 33.086390913600106
1.9 500 34.082463906408094
2.0 500 35.5349430463794
2.1 500 35.22363962332323
2.2 500 33.990229772847385
2.3 500 33.37308449241598
2.4 500 32.79622968011065
2.5 500 32.80290331897986
2.6 500 33.64787626289519
2.8 500 34.10948434208683
3.0 500 34.00377500014841
3.5 500 61.45901844078869
4.0 500 43.26209529790035
