0.1 500 23.21101918943994
0.2 500 17.01876704177322
0.3 500 14.991438117980227
0.4 500 14.525047503773134
0.5 500 14.063626270007564
0.6 500 13.892418773044179
0.7 500 13.433391292981865
0.8 500 13.489130178049042
0.9 500 13.076883291386997
1.0 500 12.92423721768508
1.1 500 12.30915839351175
1.2 500 11.34309407493091
1.3 500 11.02863700972271
1.4 500 11.37953507426068
1.5 500 11.863235118152417
1.6 500 12.01394778994487
1.7 500 12.017698132012276
1.8 500 11.712949198725125
1.9 500 11.283939729796097
2.0 500 11.156365833647207
2.1 500 8.51881352769823
2.2 500 8.602944885738786
2.3 500 8.84834720891594
2.4 500 9.17250549053626
2.5 500 9.843116906947799
2.6 500 10.61292539891283
2.8 500 12.278623111043261
3.0 500 12.748268166809986
3.5 500 9.936859623831289
4.0 500 13.016743368820766
