0.2 300 19.154509711036688
0.3 300 16.913319219479725
0.4 300 15.641684844532373
0.5 300 15.330972869312635
0.6 300 14.109154989627715
0.7 300 14.05009105512017
0.8 300 13.84058817687804
0.9 300 13.061663878484842
1.0 300 12.451877944534692
1.1 300 11.701645068835631
1.2 300 11.405165312023962
1.3 300 11.263294539400597
1.4 300 11.251378117782656
1.5 300 10.84748839264031
1.6 300 8.928316089187106
1.7 300 8.541900150306576
1.8 300 8.946206757770005
1.9 300 9.914230641076829
2.0 300 11.222377626515526
2.1 300 12.765803989575693
2.2 300 14.538786738665198
2.3 300 15.638125985088319
2.4 300 16.967876534090323
2.5 300 18.954663311199532
2.6 300 20.898777513879242
2.8 300 19.769621683678572
3.0 300 15.403517621233728
3.5 300 12.64489831107685
4.0 300 15.301464112704494
