0.1 300 23.32458820754265
0.2 300 20.374792846144
0.3 300 19.580214473017186
0.4 300 19.092894004868278
0.5 300 17.95087065977258
0.6 300 17.731028678946878
0.7 300 16.776250992409743
0.8 300 15.713492768983778
0.9 300 15.052135114591703
1.0 300 14.602654906954488
1.1 300 13.962802679073182
1.2 300 13.7166950660063
1.3 300 13.51870079556664
1.4 300 13.29360311105925
1.5 300 13.080677778863327
1.6 300 12.416871873187466
1.7 300 11.815437269210186
1.8 300 12.224974121657207
1.9 300 12.851263220950827
2.0 300 13.38756340265881
2.1 300 13.98211082129394
2.2 300 14.523526352779543
2.3 300 14.88494562519683
2.4 300 15.023920831392306
2.5 300 15.005035594734542
2.6 300 14.84307430418405
2.8 300 13.704033696979932
3.0 300 11.90959987311359
3.5 300 13.043753574226027
4.0 300 15.176518423974617
