0.1 600 268.7078572377406
0.2 600 132.40130528028703
0.3 600 136.0879529071147
0.4 600 147.3457306411073
0.5 600 156.17880508506906
0.6 600 143.55025198123937
0.7 600 147.56904349445506
0.8 600 151.33211765842813
0.9 600 146.66720071945437
1.0 600 148.1917270190998
1.1 600 151.57275362783778
1.2 600 155.28786183071858
1.3 600 156.6952559877331
1.4 600 156.77849099957515
1.5 600 155.94533664544008
1.6 600 153.31101696482096
1.7 600 157.68970421490545
1.8 600 171.19240408418705
1.9 600 178.01644664847151
2.0 600 177.73034988423422
2.1 600 174.64034549310583
2.2 600 172.98265381627746
2.3 600 181.27358222096376
2.4 600 212.9842597445465
2.5 600 264.62515872392987
2.6 600 318.1725906224413
2.8 600 415.60634282729444
3.0 600 495.6590917330398
3.5 600 630.0715135020026
4.0 600 753.6167778217077
