0.1 600 68.05662342107296
0.2 600 75.56762467674803
0.3 600 65.23972407242717
0.4 600 55.946227885854555
0.5 600 50.588119754980305
0.6 600 41.762832954913016
0.7 600 28.449459425406516
0.8 600 21.776863897281295
0.9 600 22.849614530176456
1.0 600 23.05071464299825
1.1 600 23.01177051179593
1.2 600 23.048922236427817
1.3 600 24.222224568071166
1.4 600 25.094019590237533
1.5 600 26.484271397071957
1.6 600 28.193295551102338
1.7 600 28.941164917187102
1.8 600 28.827422739227128
1.9 600 28.193623915652562
2.0 600 28.36459528441865
2.1 600 28.427555683383826
2.2 600 28.35582156027374
2.3 600 28.436214461983596
2.4 600 27.98535664354091
2.5 600 27.82249765092286
2.6 600 28.08329999195236
2.8 600 29.32827508317332
3.0 600 31.402161042278852
3.5 600 32.484633192117606
4.0 600 32.79125765801294
