0.1 300 70.12734577867114
0.2 300 66.4044816771582
0.3 300 38.953518601774334
0.4 300 25.586143433741405
0.5 300 18.915719121276283
0.6 300 19.528657461219954
0.7 300 19.715974125492238
0.8 300 20.628195975953265
0.9 300 20.771259124446768
1.0 300 20.344344677579755
1.1 300 20.006843934873338
1.2 300 19.96845406653494
1.3 300 19.777447857911337
1.4 300 19.35858642591885
1.5 300 18.83204340528021
1.6 300 18.45959845426188
1.7 300 18.030099590334785
1.8 300 17.8267752643941
1.9 300 17.6951825233552
2.0 300 17.45220325099587
2.1 300 17.687690770410832
2.2 300 18.51528244001428
2.3 300 19.87226680466077
2.4 300 21.59061861426546
2.5 300 23.555300344656214
2.6 300 26.542494279659024
2.8 300 33.152465912942766
3.0 300 39.84906866339152
3.5 300 56.501050923159475
4.0 300 63.74475689714026
