0.1 700 43.99638221504129
0.2 700 22.142623455939937
0.3 700 17.75934458323286
0.4 700 18.270560149326318
0.5 700 19.012108759521524
0.6 700 19.401696034773217
0.7 700 20.933738894617647
0.8 700 21.703934644582876
0.9 700 21.688778473413524
1.0 700 22.507868102566785
1.1 700 22.91354498647231
1.2 700 23.110129888620456
1.3 700 23.647484038639522
1.4 700 23.212639465898462
1.5 700 22.74858445909971
1.6 700 22.397296144908957
1.7 700 21.86521554152287
1.8 700 21.748288031957276
1.9 700 21.56424988270513
2.0 700 20.9896214910044
2.1 700 20.568347028153
2.2 700 20.528239046671658
2.3 700 20.636876809096137
2.4 700 20.272824120258743
2.5 700 20.150674177821607
2.6 700 20.759323820317366
2.8 700 24.7392701897746
3.0 700 32.58472849100255
3.5 700 46.468977732874215
4.0 700 57.79144146372929
