0.1 300 49.52070848138219
0.2 300 26.82292947165859
0.3 300 20.861504663823478
0.4 300 17.086113314436552
0.5 300 18.12176446597504
0.6 300 18.00513339132853
0.7 300 18.65348606340001
0.8 300 19.62210951121897
0.9 300 20.333347352403738
1.0 300 20.2227251210998
1.1 300 19.75172305342816
1.2 300 19.301947698606813
1.3 300 19.01240870836533
1.4 300 18.71419808948788
1.5 300 18.266122579165387
1.6 300 17.700078931561546
1.7 300 17.232623405450163
1.8 300 17.057449758315144
1.9 300 16.777838817244014
2.0 300 17.11969894601697
2.1 300 17.436526353640268
2.2 300 18.24652039692864
2.3 300 19.563478434058702
2.4 300 21.322815082843267
2.5 300 23.43493783031339
2.6 300 27.043235768711746
2.8 300 33.64879470586273
3.0 300 39.955043720988996
3.5 300 55.586337108568095
4.0 300 61.885664927595656
