0.1 500 21.938921592391303
0.2 500 16.610842996464125
0.3 500 15.262356151359112
0.4 500 15.091698931513
0.5 500 14.983886601165619
0.6 500 14.737574620006098
0.7 500 14.524500932112083
0.8 500 14.163466776033548
0.9 500 13.777973273828541
1.0 500 13.470865306716153
1.1 500 12.624150516872545
1.2 500 11.824591491734274
1.3 500 11.6800546803629
1.4 500 12.055099359390764
1.5 500 12.222120064617634
1.6 500 12.337206949142805
1.7 500 12.4165522067079
1.8 500 12.480864822265486
1.9 500 12.223451918321961
2.0 500 11.77607954828606
2.1 500 11.070002291869939
2.2 500 8.498741130306229
2.3 500 8.535805496256321
2.4 500 8.780888406239354
2.5 500 9.218783002013618
2.6 500 9.818516051132375
2.8 500 11.136305113810401
3.0 500 11.596031388367914
3.5 500 9.885146885539001
4.0 500 12.89568753401773
