0.1 500 69.03219910777003
0.2 500 63.9071717229856
0.3 500 51.43661299363671
0.4 500 39.736073359655784
0.5 500 25.19015478176356
0.6 500 25.872957757615673
0.7 500 24.04358057729685
0.8 500 23.135448939411507
0.9 500 23.8851972140328
1.0 500 25.59187691110195
1.1 500 26.602412631667598
1.2 500 27.199160380622093
1.3 500 29.482285614825386
1.4 500 30.34232675945102
1.5 500 28.768444132188122
1.6 500 27.063055054324348
1.7 500 26.566642997667355
1.8 500 26.09304924512742
1.9 500 26.11133405861438
2.0 500 26.3084019955302
2.1 500 26.350339076811064
2.2 500 27.069656162531178
2.3 500 27.496784440383404
2.4 500 27.930580593181144
2.5 500 30.471425308267243
2.6 500 34.90159074825006
2.8 500 29.335497187562066
3.0 500 35.66984229729691
3.5 500 156.96700921605895
4.0 500 82.1263237549177
