0.1 600 28.137890570727528
0.2 600 18.724640122518323
0.3 600 15.790299566284736
0.4 600 14.56406063580797
0.5 600 13.98153932251483
0.6 600 13.332751186866213
0.7 600 12.892445771709458
0.8 600 12.191369619906
0.9 600 11.749957974534532
1.0 600 11.790838730381239
1.1 600 11.339025700407152
1.2 600 10.838041038254845
1.3 600 10.675029669171789
1.4 600 10.474794933764699
1.5 600 10.01976986161238
1.6 600 9.996378677418138
1.7 600 10.401037009985892
1.8 600 10.683424548631683
1.9 600 10.520118082337904
2.0 600 9.950779631071676
2.1 600 9.22775810630636
2.2 600 8.55246040723376
2.3 600 8.176846305180439
2.4 600 8.17557388101199
2.5 600 8.650920296257416
2.6 600 9.344506347333219
2.8 600 12.094977688276478
3.0 600 14.665670289499019
3.5 600 11.39173347166755
4.0 600 12.828673273064151
