0.1 700 29.502465544420843
0.2 700 18.45360968675613
0.3 700 15.610604862575993
0.4 700 14.351024632178879
0.5 700 13.918272839304864
0.6 700 13.471462797639411
0.7 700 13.492587403079568
0.8 700 13.574963357189278
0.9 700 13.492439420340764
1.0 700 12.947390165456058
1.1 700 12.776472206433324
1.2 700 12.787198734703255
1.3 700 12.537652867285885
1.4 700 12.239584658801522
1.5 700 12.166873910988674
1.6 700 12.240458905743244
1.7 700 12.17096908972645
1.8 700 11.798087888730148
1.9 700 11.506327761885572
2.0 700 11.279939459010771
2.1 700 11.133202609385297
2.2 700 11.132556703582727
2.3 700 11.157554878464365
2.4 700 11.059874711291691
2.5 700 11.112005391563658
2.6 700 10.932749845659801
2.8 700 10.818478631997401
3.0 700 10.647725727568053
3.5 700 8.7392021824129
4.0 700 10.147375561523017
