0.1 400 253.2612228480687
0.2 400 159.6712411839616
0.3 400 136.0275801166268
0.4 400 138.05950844776507
0.5 400 147.34337367436615
0.6 400 140.46849069254006
0.7 400 153.8561689941848
0.8 400 147.11099932709203
0.9 400 146.0467432667835
1.0 400 148.82364766478588
1.1 400 151.57902009753903
1.2 400 156.31697837982588
1.3 400 159.08355160464856
1.4 400 158.36673036687336
1.5 400 159.72701021545035
1.6 400 172.56172387502164
1.7 400 187.63540698193515
1.8 400 187.32640077089863
1.9 400 181.3736248156715
2.0 400 178.49291111688555
2.1 400 191.76810022384424
2.2 400 234.29779480341503
2.3 400 294.1092257882635
2.4 400 349.1620227313247
2.5 400 390.2850336607832
2.6 400 420.63359678268426
2.8 400 466.60260896557355
3.0 400 508.9664818638869
3.5 400 631.8711746848078
4.0 400 772.5799378542082
