0.1 300 69.66932371817715
0.2 300 73.6826683816689
0.3 300 66.54848637776621
0.4 300 51.99766129350219
0.5 300 54.82506344358793
0.6 300 49.68970596363586
0.7 300 39.183010210895645
0.8 300 32.71102948446618
0.9 300 31.480606264705315
1.0 300 31.283078675434275
1.1 300 31.702195329210507
1.2 300 30.882603142256357
1.3 300 30.272267914970538
1.4 300 29.47730758937373
1.5 300 30.275805544553236
1.6 300 32.08156760926972
1.7 300 34.23141532492286
1.8 300 34.44999340593392
1.9 300 34.832524623021456
2.0 300 36.517905426093904
2.1 300 37.30118184237462
2.2 300 38.79399336415004
2.3 300 39.55812858135697
2.4 300 39.33627311505434
2.5 300 37.90118784953172
2.6 300 36.160800790453365
2.8 300 31.82309824755212
3.0 300 39.262261229338826
3.5 300 63.88768201443654
4.0 300 42.86581956210754
