0.1 600 21.207041467733053
0.2 600 15.986373870296067
0.3 600 14.837851660412532
0.4 600 14.8753827199859
0.5 600 14.674172902918354
0.6 600 14.707977233641172
0.7 600 14.097024021931276
0.8 600 13.902386590472938
0.9 600 13.4633840573862
1.0 600 13.500072279096354
1.1 600 13.434101392095705
1.2 600 12.658465738586733
1.3 600 12.053185307058863
1.4 600 11.883209471250783
1.5 600 11.938461879456963
1.6 600 12.252424176711523
1.7 600 12.479620258566714
1.8 600 12.758490359464115
1.9 600 13.025435291336754
2.0 600 13.227579990409202
2.1 600 12.970539916786233
2.2 600 12.29112858372072
2.3 600 9.247679905274195
2.4 600 8.59544704600678
2.5 600 8.318886413869187
2.6 600 8.160139637381599
2.8 600 8.895248243660978
3.0 600 9.795340373628852
3.5 600 9.057275113577962
4.0 600 12.242124681701288
