0.1 300 67.06334841520156
0.2 300 70.2601640578803
0.3 300 70.02503064873102
0.4 300 65.742816101777
0.5 300 53.077403317249036
0.6 300 45.34985369390951
0.7 300 44.468709262054524
0.8 300 39.529026879381334
0.9 300 31.198576419394886
1.0 300 26.677425660394693
1.1 300 24.512161105693785
1.2 300 25.09212936300409
1.3 300 25.496620900714653
1.4 300 26.36120401822452
1.5 300 27.228997582748452
1.6 300 27.820205083048464
1.7 300 27.754539032183356
1.8 300 26.677563533432735
1.9 300 25.58886795510776
2.0 300 25.12384748770577
2.1 300 24.697445481997296
2.2 300 24.616906685464922
2.3 300 24.65772569682268
2.4 300 24.616420549216734
2.5 300 24.43237659367461
2.6 300 24.239108324954326
2.8 300 24.035147221838105
3.0 300 24.212049976188137
3.5 300 25.924826567764264
4.0 300 28.827156990076755
