0.1 600 340.56842851610037
0.2 600 149.9044966002948
0.3 600 133.2883099208839
0.4 600 135.1184920371054
0.5 600 147.11191941366815
0.6 600 147.78383915731163
0.7 600 155.4739145162489
0.8 600 152.86632043593485
0.9 600 141.612151533265
1.0 600 149.54871295290522
1.1 600 153.9613996892893
1.2 600 148.97511486594843
1.3 600 146.67377844237947
1.4 600 147.44907078871765
1.5 600 149.69649780874954
1.6 600 152.4882287707135
1.7 600 155.50775486738124
1.8 600 156.63396795612516
1.9 600 157.02150702643854
2.0 600 156.7789764483626
2.1 600 156.07665872520627
2.2 600 155.08763341416793
2.3 600 153.0396971237943
2.4 600 155.518995442172
2.5 600 164.6435081460264
2.6 600 173.26227370945236
2.8 600 178.43533266019224
3.0 600 174.64030903861186
3.5 600 237.50063886071277
4.0 600 415.6063670219123
