0.1 600 70.44778151921808
0.2 600 64.032837238669
0.3 600 50.00830897526633
0.4 600 29.710151793643902
0.5 600 23.081961139935643
0.6 600 24.617590604983572
0.7 600 23.586819769170997
0.8 600 23.20304135441095
0.9 600 23.956794564895215
1.0 600 25.622022116638387
1.1 600 27.958360686875825
1.2 600 29.049529708837397
1.3 600 32.017117146869154
1.4 600 31.543540914458905
1.5 600 30.892561645296453
1.6 600 29.9138997137251
1.7 600 29.151073617597774
1.8 600 29.071066510223964
1.9 600 30.398572945863904
2.0 600 31.423154374635597
2.1 600 31.994953398088203
2.2 600 32.25468048183306
2.3 600 32.563212748227436
2.4 600 31.924187681649357
2.5 600 29.850349922408572
2.6 600 28.594182517024443
2.8 600 29.813160456590055
3.0 600 29.981548014752256
3.5 600 69.17467094364265
4.0 600 50.403679246907174
