0.1 300 347.44436705142493
0.2 300 168.58567495592317
0.3 300 143.78530425061098
0.4 300 142.60266889078173
0.5 300 145.9062340971834
0.6 300 149.67193441090163
0.7 300 145.11184902869928
0.8 300 143.29004210937518
0.9 300 145.97424469004426
1.0 300 148.79377206302632
1.1 300 149.9282243929912
1.2 300 153.85539686763875
1.3 300 158.28519056697579
1.4 300 169.56307199357036
1.5 300 189.31136283778207
1.6 300 194.69604048100723
1.7 300 191.1196059522924
1.8 300 188.8059146691208
1.9 300 198.22373585892117
2.0 300 232.0959856048618
2.1 300 285.74675278714915
2.2 300 338.2024378684936
2.3 300 376.5163519020877
2.4 300 401.57477930960096
2.5 300 419.96335157787604
2.6 300 436.2562271825332
2.8 300 470.16752001677213
3.0 300 510.0215658039331
3.5 300 651.8268336634582
4.0 300 835.8200652229569
