0.1 600 25.48876807042215
0.2 600 17.72100344390945
0.3 600 14.7576149521452
0.4 600 13.827965475547366
0.5 600 13.466212316327296
0.6 600 13.058584403961547
0.7 600 12.596575211864018
0.8 600 11.89672575109246
0.9 600 11.882286981538076
1.0 600 11.493190901580217
1.1 600 11.04173694561403
1.2 600 10.878342896721025
1.3 600 10.576639250696987
1.4 600 10.258810063708536
1.5 600 10.192791566830541
1.6 600 10.514649654846679
1.7 600 10.708482398353047
1.8 600 10.49473773105417
1.9 600 9.928541042552178
2.0 600 9.542668516741344
2.1 600 8.870029848453827
2.2 600 8.597353302441253
2.3 600 8.166490121822223
2.4 600 8.462714144990603
2.5 600 9.328930404807002
2.6 600 10.481780135731013
2.8 600 13.27676934767802
3.0 600 15.837903473485515
3.5 600 10.332057332044082
4.0 600 14.350248951346943
