0.1 700 19.34675208669064
0.2 700 17.419321048970673
0.3 700 16.1502579383574
0.4 700 15.743703381862916
0.5 700 15.705514261758754
0.6 700 15.739234251879932
0.7 700 15.166583044456774
0.8 700 14.825960249361364
0.9 700 14.363492819901365
1.0 700 14.220002662626886
1.1 700 13.96777886449665
1.2 700 13.165143943857723
1.3 700 12.643649355534375
1.4 700 11.988239470710777
1.5 700 11.752279374738077
1.6 700 11.984491082299856
1.7 700 12.106406369471337
1.8 700 12.495356556088504
1.9 700 12.70820781108418
2.0 700 12.900569931247471
2.1 700 13.003434435411917
2.2 700 11.848992846582533
2.3 700 10.212798290344232
2.4 700 9.417419238087856
2.5 700 8.6984589279513
2.6 700 8.506499234922234
2.8 700 8.949942067443743
3.0 700 10.044629559781475
3.5 700 9.213203207053256
4.0 700 11.60326602983524
