0.1 600 219.55815717522998
0.2 600 133.55401185665096
0.3 600 141.70075495493512
0.4 600 149.11411921912267
0.5 600 157.94808640979377
0.6 600 144.05809131106292
0.7 600 148.15888759822005
0.8 600 151.605161138935
0.9 600 146.74932364535061
1.0 600 148.21264713475136
1.1 600 151.58293702135998
1.2 600 155.28940385414802
1.3 600 156.69580554635192
1.4 600 156.77841615685932
1.5 600 155.94506131456066
1.6 600 153.31097795130796
1.7 600 157.68979975862288
1.8 600 171.19252702463427
1.9 600 178.01648862008636
2.0 600 177.730369933763
2.1 600 174.6403757315469
2.2 600 172.9825932778177
2.3 600 181.27368944317564
2.4 600 212.98424695489905
2.5 600 264.6251493634137
2.6 600 318.17262893461356
2.8 600 415.60635764183064
3.0 600 495.65896085952966
3.5 600 630.0712968924454
4.0 600 753.616776785067
