0.1 500 53.30673557322024
0.2 500 26.068066889968783
0.3 500 19.05373607064009
0.4 500 19.135013767547573
0.5 500 18.642480823401453
0.6 500 19.565546641644406
0.7 500 19.63559311732497
0.8 500 19.22775318350752
0.9 500 20.188991429054155
1.0 500 22.031214239829037
1.1 500 23.303698587927666
1.2 500 23.070034082177198
1.3 500 22.362002308342884
1.4 500 21.48044726234079
1.5 500 21.00481228430071
1.6 500 20.74582084461708
1.7 500 20.496663267366273
1.8 500 20.046649716025897
1.9 500 19.83233623075364
2.0 500 19.796655464212666
2.1 500 19.72678704475669
2.2 500 19.02948881002083
2.3 500 18.641405709770833
2.4 500 18.951107818173487
2.5 500 20.263063463028498
2.6 500 22.56738479482167
2.8 500 29.01781726528051
3.0 500 34.38474529676836
3.5 500 51.02396130161026
4.0 500 69.84588665876072
