0.1 700 71.80957660427333
0.2 700 41.10040614852103
0.3 700 23.375234368649185
0.4 700 21.001316650777934
0.5 700 21.109533702263207
0.6 700 21.4917706062469
0.7 700 22.107823297693155
0.8 700 22.463314118161474
0.9 700 22.90468167694911
1.0 700 23.268750154090117
1.1 700 24.551188223337427
1.2 700 25.25011079697824
1.3 700 25.49196847439432
1.4 700 30.748484673110188
1.5 700 26.207520057309576
1.6 700 25.914462768931912
1.7 700 24.912705449385452
1.8 700 24.13410967284364
1.9 700 23.750957457510687
2.0 700 22.949410250659742
2.1 700 22.28031080201965
2.2 700 22.030416757605458
2.3 700 22.133346655644473
2.4 700 21.922653867368183
2.5 700 21.645287795194218
2.6 700 21.636404035466377
2.8 700 25.289044069218537
3.0 700 35.19175712793677
3.5 700 48.844027378637364
4.0 700 57.76746093797368
