0.1 700 216.27943708782456
0.2 700 134.4192749476723
0.3 700 150.95487074928806
0.4 700 153.44172237478062
0.5 700 156.51193434308195
0.6 700 161.6031107592173
0.7 700 148.90275019949271
0.8 700 153.25723441116773
0.9 700 148.93717877921313
1.0 700 148.7125281029985
1.1 700 150.7418514159038
1.2 700 159.5451338763974
1.3 700 168.4925247186101
1.4 700 173.36066830165484
1.5 700 169.77623411063558
1.6 700 159.93801936599368
1.7 700 161.65288264671352
1.8 700 171.73613693144173
1.9 700 176.99269759397382
2.0 700 178.81386768339777
2.1 700 177.18052763293315
2.2 700 174.02492490704603
2.3 700 173.10501319294283
2.4 700 184.48720780483302
2.5 700 219.5627027725299
2.6 700 270.055638334306
2.8 700 366.61441983370247
3.0 700 472.6445570930985
3.5 700 629.6612085878593
4.0 700 752.6585750824846
