0.1 400 69.47998730722033
0.2 400 69.46859081987806
0.3 400 63.288860313341026
0.4 400 51.75639060746948
0.5 400 51.73049319523472
0.6 400 45.07398052123885
0.7 400 34.803027473512884
0.8 400 30.98789672683346
0.9 400 31.682561356528772
1.0 400 33.308564680205855
1.1 400 33.1628363002306
1.2 400 32.08928076790515
1.3 400 31.86619634297551
1.4 400 35.50047802511953
1.5 400 32.97161518445643
1.6 400 36.980206380534696
1.7 400 40.66912621176464
1.8 400 41.43355184967289
1.9 400 42.15728632271733
2.0 400 42.204278958801446
2.1 400 41.32898473366846
2.2 400 42.004293630821735
2.3 400 43.36971459483845
2.4 400 45.439023316748916
2.5 400 47.57362674481556
2.6 400 49.11396919897586
2.8 400 46.25362529739648
3.0 400 41.681336240429374
3.5 400 97.10523546929367
4.0 400 44.9387775156017
