0.1 700 331.2659051594056
0.2 700 136.94912936002208
0.3 700 150.94272522033003
0.4 700 151.50186770511428
0.5 700 156.06139715699794
0.6 700 164.6602419216096
0.7 700 148.07664454761473
0.8 700 152.74630456828677
0.9 700 147.9838337254794
1.0 700 148.05240290268804
1.1 700 150.42266939883388
1.2 700 160.05699685994514
1.3 700 169.06512358836986
1.4 700 173.8099447256728
1.5 700 170.0627285934677
1.6 700 160.02803010190968
1.7 700 161.61980940431965
1.8 700 171.69073206545607
1.9 700 176.96848383157518
2.0 700 178.79892929018672
2.1 700 177.17537279452793
2.2 700 174.02838429586487
2.3 700 173.11242229470218
2.4 700 184.49154065098858
2.5 700 219.56075420258716
2.6 700 270.05002227581167
2.8 700 366.6108365031672
3.0 700 472.6483812973633
3.5 700 629.6627479274697
4.0 700 752.6586315807499
