0.1 500 249.0464835700027
0.2 500 144.7044123851035
0.3 500 136.86773755203515
0.4 500 150.67772319595863
0.5 500 151.84373824392972
0.6 500 149.07402582219143
0.7 500 147.73540979805563
0.8 500 150.2170632730514
0.9 500 146.11455097029872
1.0 500 147.31796874105515
1.1 500 151.0336438357236
1.2 500 154.9174343137329
1.3 500 156.1063665231772
1.4 500 155.12441717395802
1.5 500 153.90868520520397
1.6 500 158.01895879892942
1.7 500 176.42310500688927
1.8 500 185.78832589105403
1.9 500 183.17675948554165
2.0 500 178.05613299184512
2.1 500 174.87282280785166
2.2 500 181.79961984160892
2.3 500 212.59197129637485
2.4 500 267.0239832250988
2.5 500 325.5396675106269
2.6 500 375.45894782342754
2.8 500 452.165174406075
3.0 500 505.97649739558045
3.5 500 630.6019696685404
4.0 500 758.5654673797628
