0.1 600 232.4823569596233
0.2 600 94.988714888197
0.3 600 97.90760674480453
0.4 600 108.42058818253741
0.5 600 115.06683791469409
0.6 600 111.28301800366742
0.7 600 114.65237989722333
0.8 600 120.40140920591129
0.9 600 115.54602356468146
1.0 600 115.27409907488726
1.1 600 116.59624224166336
1.2 600 118.62775584813706
1.3 600 119.75456515074336
1.4 600 120.04237127528468
1.5 600 119.87903894945417
1.6 600 119.04730016321653
1.7 600 125.50752980221881
1.8 600 139.30024465144734
1.9 600 147.18365738392376
2.0 600 148.3627454261456
2.1 600 146.7712717375579
2.2 600 146.30363456978358
2.3 600 152.48911638294237
2.4 600 174.46500648386132
2.5 600 211.2106669599929
2.6 600 251.19918665209727
2.8 600 321.08154921158933
3.0 600 382.04183149878895
3.5 600 501.9714963127075
4.0 600 624.688642544932
