0.1 700 40.669439556276345
0.2 700 31.902425703226925
0.3 700 29.408840891269733
0.4 700 14.601751630091053
0.5 700 12.946785558114112
0.6 700 13.628738093612197
0.7 700 14.486491876413748
0.8 700 14.552072869820483
0.9 700 14.597616595231399
1.0 700 16.66395191588218
1.1 700 18.222061911323557
1.2 700 18.677181356850937
1.3 700 17.214540255365982
1.4 700 16.94652394453407
1.5 700 17.14436063847846
1.6 700 17.102806249720107
1.7 700 16.69371617288063
1.8 700 17.007179274960478
1.9 700 16.644072440642493
2.0 700 16.705683696764932
2.1 700 16.871569869785016
2.2 700 16.854789482432952
2.3 700 17.228114324985878
2.4 700 17.182599235425972
2.5 700 17.480914416386597
2.6 700 17.79931193854688
2.8 700 18.97266783031007
3.0 700 20.04237044635189
3.5 700 31.043597887886985
4.0 700 33.69028675156986
