0.1 600 38.03966630908789
0.2 600 41.387728861913665
0.3 600 33.20341223844855
0.4 600 27.15743128419115
0.5 600 19.325380244557483
0.6 600 14.34582742690859
0.7 600 12.636222519698286
0.8 600 13.593027452634502
0.9 600 13.997515622539584
1.0 600 14.895950333786217
1.1 600 16.40389638773531
1.2 600 18.305534199066244
1.3 600 19.19069069390418
1.4 600 19.179189139817215
1.5 600 18.805238541387986
1.6 600 18.28759296528234
1.7 600 17.71838995569297
1.8 600 17.01679653710847
1.9 600 17.239340147362753
2.0 600 16.890513681798524
2.1 600 16.919928343779922
2.2 600 17.699785315745764
2.3 600 17.800937197198326
2.4 600 18.216637222067977
2.5 600 18.36865085224205
2.6 600 18.796622563839996
2.8 600 19.571532848912618
3.0 600 21.037873099348413
3.5 600 24.47225046404893
4.0 600 27.748579744053416
