0.1 600 17.115342061466723
0.2 600 11.7781354949595
0.3 600 9.97806750788437
0.4 600 9.7856790363869
0.5 600 9.620484192930244
0.6 600 9.644139542950015
0.7 600 9.06529583903664
0.8 600 8.871999606643568
0.9 600 8.656906105077688
1.0 600 8.428646270483148
1.1 600 8.504266657011703
1.2 600 8.295775158779772
1.3 600 7.715343983239888
1.4 600 7.409769254683194
1.5 600 7.53478414582765
1.6 600 7.710434520350185
1.7 600 7.9565575223450775
1.8 600 8.07776583396343
1.9 600 8.076831457149217
2.0 600 7.841842542492939
2.1 600 7.537126868632359
2.2 600 6.443834548169455
2.3 600 5.926151333984319
2.4 600 5.680775468672067
2.5 600 5.574823598597937
2.6 600 5.821894965723394
2.8 600 6.405973807585186
3.0 600 6.7989517930581025
3.5 600 5.835525923467753
4.0 600 8.165853562884731
