0.1 600 185.2562411172285
0.2 600 90.44557734730037
0.3 600 93.00514675358302
0.4 600 104.03664923802033
0.5 600 113.79428554747132
0.6 600 109.5343769227533
0.7 600 113.79569400938163
0.8 600 119.52216238522014
0.9 600 115.87897643796269
1.0 600 115.08360350235087
1.1 600 116.70401691722473
1.2 600 118.60806774859121
1.3 600 119.7106383175054
1.4 600 120.00282712713198
1.5 600 119.83398122667856
1.6 600 119.02850654823628
1.7 600 125.5528144905377
1.8 600 139.32464143799854
1.9 600 147.19943666074258
2.0 600 148.37290321856455
2.1 600 146.77366877063736
2.2 600 146.3019538289822
2.3 600 152.48821580662812
2.4 600 174.46856567118817
2.5 600 211.21706834016774
2.6 600 251.2050932645732
2.8 600 321.079650255987
3.0 600 382.03737571529666
3.5 600 501.97032806035554
4.0 600 624.6883010398366
