0.1 300 235.80546791704396
0.2 300 97.51970958904117
0.3 300 97.91649709122034
0.4 300 102.40143262905883
0.5 300 104.70256753147987
0.6 300 108.75946998748516
0.7 300 111.7413236227327
0.8 300 107.27882440444297
0.9 300 107.44234835470407
1.0 300 108.75253487764785
1.1 300 112.27339462715635
1.2 300 119.04475059754378
1.3 300 122.45414921063895
1.4 300 133.43168005559244
1.5 300 152.42474948516102
1.6 300 159.2563772291326
1.7 300 158.3075348625106
1.8 300 157.44769607441086
1.9 300 164.65213011336968
2.0 300 188.06282583767845
2.1 300 226.5061342571447
2.2 300 266.14569771256885
2.3 300 294.4865161727108
2.4 300 311.98336316744275
2.5 300 324.5383114618523
2.6 300 336.43808155326445
2.8 300 361.7852622553141
3.0 300 393.6009793302491
3.5 300 528.7491533356523
4.0 300 700.0227043847067
