0.1 400 18.74884686087416
0.2 400 13.03781844381086
0.3 400 10.660319769162403
0.4 400 10.275792106530556
0.5 400 9.554864697928712
0.6 400 9.376406064606902
0.7 400 8.82468286731587
0.8 400 8.549127868193805
0.9 400 8.386898487397717
1.0 400 8.114962944533339
1.1 400 7.8116626057879275
1.2 400 7.2231562853537215
1.3 400 6.739359041881415
1.4 400 6.6927157626576115
1.5 400 6.849702501409522
1.6 400 6.763605284401684
1.7 400 6.285858825867161
1.8 400 5.631183989677915
1.9 400 5.457212447513515
2.0 400 5.687361541111454
2.1 400 6.089505456463818
2.2 400 6.581864160365777
2.3 400 7.130809119225297
2.4 400 7.719988132168059
2.5 400 8.326812561971089
2.6 400 8.904750390912541
2.8 400 9.610420097284054
3.0 400 9.203751977665515
3.5 400 7.153058217819759
4.0 400 10.282443095508329
