0.1 500 41.13032799334253
0.2 500 22.195138030677704
0.3 500 13.07492485728629
0.4 500 12.237341723486363
0.5 500 12.74883904781657
0.6 500 12.909389749339779
0.7 500 13.714158555228828
0.8 500 13.856219925529558
0.9 500 13.942541300573579
1.0 500 15.014496048005396
1.1 500 15.634460934430738
1.2 500 15.542209933161518
1.3 500 15.340986017409026
1.4 500 14.789409227687026
1.5 500 14.429557359854948
1.6 500 14.260103356640135
1.7 500 14.190483741340177
1.8 500 14.16552811869829
1.9 500 13.911874902129071
2.0 500 14.12646543450827
2.1 500 14.424670071549201
2.2 500 14.183707511074862
2.3 500 13.974151606901456
2.4 500 14.13566115341406
2.5 500 14.656976412055817
2.6 500 15.350845642139186
2.8 500 17.13338604355555
3.0 500 18.899500526015782
3.5 500 23.719377906010667
4.0 500 29.62755405927179
