0.1 400 19.87053424316095
0.2 400 14.702354609811907
0.3 400 12.439648611983463
0.4 400 10.690723918634422
0.5 400 10.856410894691008
0.6 400 10.294269377012464
0.7 400 10.199840849698383
0.8 400 10.498990740634342
0.9 400 9.790801552394932
1.0 400 9.498810685994894
1.1 400 9.502646820116956
1.2 400 9.382780202956008
1.3 400 9.192423125672466
1.4 400 8.947044351614464
1.5 400 8.548062245603639
1.6 400 8.06374787218583
1.7 400 7.682488789152125
1.8 400 7.512765612839956
1.9 400 7.560244564250665
2.0 400 7.750694808862
2.1 400 7.799466051532773
2.2 400 7.791819646334197
2.3 400 7.932538013224468
2.4 400 7.587490661188739
2.5 400 7.401153305771497
2.6 400 7.176657890872379
2.8 400 6.183875457426584
3.0 400 6.527767081557164
3.5 400 7.8278471686202815
4.0 400 8.603386989341358
