0.1 500 240.9191535865546
0.2 500 93.74211813992021
0.3 500 95.3824233990709
0.4 500 97.63818015587884
0.5 500 110.23883140930727
0.6 500 111.85942125560068
0.7 500 111.9136150789285
0.8 500 119.08079315862025
0.9 500 114.97597509103049
1.0 500 115.0224103257135
1.1 500 117.50203931786588
1.2 500 120.00292060481263
1.3 500 121.31338275672042
1.4 500 120.87273918449458
1.5 500 120.32351024029478
1.6 500 126.31093120189422
1.7 500 143.99208054060233
1.8 500 152.93604219886484
1.9 500 152.1079512400729
2.0 500 149.05165675431599
2.1 500 147.755645279672
2.2 500 153.5026199359347
2.3 500 174.7338603522777
2.4 500 213.2574043245503
2.5 500 256.60207729266375
2.6 500 292.63931339695876
2.8 500 348.30337784767426
3.0 500 390.0504782372573
3.5 500 502.69121654231924
4.0 500 630.2298276844042
