0.1 400 17.53030806980489
0.2 400 12.573173220513041
0.3 400 10.396696156689826
0.4 400 10.021461756081608
0.5 400 9.788460478315494
0.6 400 9.467028204074413
0.7 400 9.030438733114478
0.8 400 8.916063440575227
0.9 400 8.694034823141772
1.0 400 8.46709426016206
1.1 400 7.995437609723512
1.2 400 7.30842185677112
1.3 400 7.030312441268506
1.4 400 7.036898187406239
1.5 400 7.076539526701266
1.6 400 7.2345996365665295
1.7 400 6.799194846576395
1.8 400 5.589966636568436
1.9 400 5.628895963836673
2.0 400 5.94112130992458
2.1 400 6.399348933829669
2.2 400 6.924638427900102
2.3 400 7.473527741693783
2.4 400 8.044694806819596
2.5 400 8.628056085614759
2.6 400 7.635382243803104
2.8 400 7.9261864486115075
3.0 400 8.37931591259557
3.5 400 7.415890677352464
4.0 400 10.444327319912693
