0.1 700 40.015003206074745
0.2 700 26.183823824833794
0.3 700 17.597852014589257
0.4 700 12.626175425480799
0.5 700 13.319318382330668
0.6 700 13.908259583996433
0.7 700 14.235278486861064
0.8 700 14.527069926447563
0.9 700 14.713985313708918
1.0 700 15.450458313506573
1.1 700 16.40187054880767
1.2 700 17.40264018425717
1.3 700 16.783657633274427
1.4 700 16.44786063785986
1.5 700 16.51651467587265
1.6 700 16.06751708774804
1.7 700 15.753312718886457
1.8 700 15.842910248130279
1.9 700 15.854800251108067
2.0 700 15.493492279567432
2.1 700 15.6466476398575
2.2 700 15.551797283450313
2.3 700 16.022416627924148
2.4 700 16.050636744515955
2.5 700 16.217021204504395
2.6 700 16.736315751816257
2.8 700 17.55751040514415
3.0 700 18.16894412079506
3.5 700 24.748402473740846
4.0 700 29.030044916583808
