0.1 500 33.340813289653106
0.2 500 13.344413140597496
0.3 500 11.290539260568128
0.4 500 11.732407063428491
0.5 500 11.890301054870536
0.6 500 12.1758464257414
0.7 500 12.96849255885566
0.8 500 12.949625527247285
0.9 500 13.378009613074616
1.0 500 14.568853741386755
1.1 500 15.124100106493275
1.2 500 14.856098651432422
1.3 500 14.387825520123526
1.4 500 14.02440277337392
1.5 500 13.848872069726896
1.6 500 13.754630753170048
1.7 500 13.674638809230073
1.8 500 13.377874238434854
1.9 500 13.451867887249682
2.0 500 13.691852134145694
2.1 500 14.000850884243523
2.2 500 13.77332652379806
2.3 500 13.68300037210902
2.4 500 13.910332241707966
2.5 500 14.427631830751306
2.6 500 15.14464859606127
2.8 500 16.887147535386852
3.0 500 18.50511102383989
3.5 500 23.808871531367497
4.0 500 29.496958885725963
