0.1 300 228.22664304350718
0.2 300 130.02992625554157
0.3 300 109.38391268410653
0.4 300 106.48199427796263
0.5 300 107.33180915522108
0.6 300 109.90031332414387
0.7 300 112.48000379964293
0.8 300 107.50103287550239
0.9 300 107.51049671725676
1.0 300 108.77620698469889
1.1 300 112.27974867904452
1.2 300 119.0472315604805
1.3 300 122.45921071458804
1.4 300 133.43471661896166
1.5 300 152.42561898941534
1.6 300 159.25680536552466
1.7 300 158.30773952367042
1.8 300 157.44778573161474
1.9 300 164.65218217852404
2.0 300 188.06286621801405
2.1 300 226.5061539367116
2.2 300 266.14569912782673
2.3 300 294.48651296457996
2.4 300 311.9833572070077
2.5 300 324.53830896247274
2.6 300 336.43807801920326
2.8 300 361.785263149049
3.0 300 393.6009806435281
3.5 300 528.7491521846553
4.0 300 700.0227035412149
