0.1 400 39.599399545288264
0.2 400 22.328879801825178
0.3 400 14.809723561494065
0.4 400 11.259817183474588
0.5 400 11.745402241366751
0.6 400 12.262470630775345
0.7 400 12.843226155358192
0.8 400 12.575680512260453
0.9 400 13.820447634886092
1.0 400 14.058896887267254
1.1 400 14.381908398057433
1.2 400 14.2620046164017
1.3 400 14.107813586539537
1.4 400 13.68861098343382
1.5 400 13.68835933956461
1.6 400 13.250471223638723
1.7 400 13.123747358145017
1.8 400 13.216302560333881
1.9 400 13.031643038136561
2.0 400 13.30795483089564
2.1 400 13.131735152406819
2.2 400 13.099231535327323
2.3 400 13.328234015292027
2.4 400 13.878923890774486
2.5 400 14.558558428890644
2.6 400 15.312486177253763
2.8 400 16.85439553990048
3.0 400 18.674792874806595
3.5 400 24.587087783146938
4.0 400 30.223991216280535
