0.1 600 15.096117335221235
0.2 600 13.615482525148328
0.3 600 12.085743384971238
0.4 600 11.886515125091552
0.5 600 11.626418340684456
0.6 600 11.267696029775466
0.7 600 10.613579640148144
0.8 600 10.275851406167384
0.9 600 9.840931710418133
1.0 600 9.685030128423133
1.1 600 9.354495617758621
1.2 600 8.700018388182295
1.3 600 8.131613472132944
1.4 600 7.942026617377874
1.5 600 8.114124606093553
1.6 600 8.277388356401884
1.7 600 8.450200704485528
1.8 600 8.681204119228603
1.9 600 8.74894918960974
2.0 600 8.570874051465976
2.1 600 8.22149423695395
2.2 600 7.603593598005936
2.3 600 6.349298565929266
2.4 600 5.859053251558339
2.5 600 5.460742654143886
2.6 600 5.392807357190543
2.8 600 5.873312918321197
3.0 600 6.290643215947371
3.5 600 5.718298590074554
4.0 600 8.070699691546936
