0.1 300 39.88194614709979
0.2 300 37.94030508882276
0.3 300 31.550193462725574
0.4 300 26.966584995380785
0.5 300 36.5012063146784
0.6 300 32.277177440279104
0.7 300 21.550473823827662
0.8 300 18.03981698084544
0.9 300 18.87828123304675
1.0 300 19.56315887779996
1.1 300 20.21171505757798
1.2 300 19.513141174284804
1.3 300 18.64585526388874
1.4 300 17.002797241336527
1.5 300 16.04057387805023
1.6 300 16.17288682751061
1.7 300 16.510814656330354
1.8 300 16.994806237136316
1.9 300 17.55803113571215
2.0 300 17.91666451390081
2.1 300 18.473275724128264
2.2 300 18.874422089695884
2.3 300 19.31248382122752
2.4 300 19.761905068694276
2.5 300 20.263809089162475
2.6 300 20.409818582558223
2.8 300 22.361376782632174
3.0 300 23.542894051035148
3.5 300 31.618869634998475
4.0 300 34.23707549465605
