0.1 500 41.621942803730356
0.2 500 36.80502108436092
0.3 500 27.806158894212977
0.4 500 26.532569958880696
0.5 500 14.520987529755178
0.6 500 13.458620808653063
0.7 500 13.980328247454386
0.8 500 14.484319654927491
0.9 500 14.912318979768045
1.0 500 16.150446591491608
1.1 500 17.283255624793338
1.2 500 17.265482088213666
1.3 500 17.067320418925906
1.4 500 16.634023111198534
1.5 500 15.949664868521452
1.6 500 15.298020210471666
1.7 500 15.55254859694322
1.8 500 15.36333498293622
1.9 500 15.77960156518188
2.0 500 16.094643308557465
2.1 500 16.04607371084071
2.2 500 16.521346394316613
2.3 500 16.706796022990783
2.4 500 17.135725725122008
2.5 500 17.942092233271584
2.6 500 18.899773604688743
2.8 500 20.85555054320576
3.0 500 20.60426914999121
3.5 500 26.674569533125474
4.0 500 33.956970655910375
