0.1 400 240.03442874435783
0.2 400 98.89937909286856
0.3 400 88.0255627015296
0.4 400 94.19069037150102
0.5 400 101.84212948478749
0.6 400 101.5220710984512
0.7 400 112.90359571572296
0.8 400 112.76961417241765
0.9 400 110.57305776290336
1.0 400 111.76442971129023
1.1 400 113.17412472115262
1.2 400 119.59831680303867
1.3 400 121.80840577432787
1.4 400 121.58721537473983
1.5 400 123.63889499869464
1.6 400 138.99026807564715
1.7 400 153.2811004791595
1.8 400 154.7269628353553
1.9 400 151.64421330330111
2.0 400 150.87580996134545
2.1 400 160.6964614939323
2.2 400 189.26732491332717
2.3 400 232.7212213840352
2.4 400 273.90932011320814
2.5 400 303.5625839145748
2.6 400 325.015390547844
2.8 400 359.0936969999195
3.0 400 392.3930775740257
3.5 400 504.55756609135545
4.0 400 644.6133190938967
