0.1 600 21.54686071936864
0.2 600 13.458580684556033
0.3 600 11.512654908358181
0.4 600 10.115627260915861
0.5 600 9.598313384531648
0.6 600 9.781075788418617
0.7 600 9.578519599111958
0.8 600 9.531210808885055
0.9 600 9.414881785757993
1.0 600 8.963913424292237
1.1 600 8.782016455340353
1.2 600 8.716471289748224
1.3 600 8.534866129862651
1.4 600 8.33117003081155
1.5 600 8.293446693415948
1.6 600 8.352059260500283
1.7 600 8.240343489992236
1.8 600 7.844624421715372
1.9 600 7.5026018619199
2.0 600 7.333731128137243
2.1 600 7.383953717662165
2.2 600 7.469145336209355
2.3 600 7.6560244583362875
2.4 600 7.823749172884414
2.5 600 7.863456525323477
2.6 600 7.8977908175312095
2.8 600 7.79986595696171
3.0 600 7.395171881437322
3.5 600 5.556341800624187
4.0 600 6.533219164700369
