0.1 700 36.61835425886381
0.2 700 22.82206146749855
0.3 700 12.327424561953816
0.4 700 12.627783505002746
0.5 700 13.147849257266621
0.6 700 13.695554085211773
0.7 700 14.290294730027643
0.8 700 14.516528303291308
0.9 700 14.78842431710937
1.0 700 14.985430081811188
1.1 700 15.746105525721362
1.2 700 15.96462631116857
1.3 700 15.66091230281751
1.4 700 19.379505169345915
1.5 700 15.610007176483036
1.6 700 15.518343530882357
1.7 700 15.05788163986292
1.8 700 14.982203691578993
1.9 700 15.033370540996762
2.0 700 14.715282820618246
2.1 700 14.424160454466744
2.2 700 14.588544089415022
2.3 700 14.943982191741433
2.4 700 14.901022595718008
2.5 700 14.904151024017139
2.6 700 15.150789672529276
2.8 700 16.69526830442192
3.0 700 19.027896506332798
3.5 700 23.166631626735146
4.0 700 26.99408947697081
