0.1 600 39.28748343744099
0.2 600 22.653820481515353
0.3 600 13.271949618509352
0.4 600 12.856982525257386
0.5 600 12.900803790531246
0.6 600 13.445673440591884
0.7 600 14.26713895521875
0.8 600 14.515634193098881
0.9 600 14.446550104153717
1.0 600 15.613228650422448
1.1 600 16.044223374655108
1.2 600 15.791227365623307
1.3 600 15.796811352985763
1.4 600 15.764301160297851
1.5 600 15.527654221098741
1.6 600 14.942651298884957
1.7 600 14.822024647278617
1.8 600 14.818282380292102
1.9 600 14.514487525605743
2.0 600 14.590728577248715
2.1 600 14.361782677935013
2.2 600 14.61432161200711
2.3 600 14.4433554112606
2.4 600 14.590859281807447
2.5 600 14.627951594530398
2.6 600 15.10958992655031
2.8 600 17.033571736072876
3.0 600 19.15197035543549
3.5 600 23.2907557878583
4.0 600 28.141237723890168
