0.1 500 18.769300184974067
0.2 500 12.931892461502724
0.3 500 10.27526399219484
0.4 500 9.578467393767864
0.5 500 9.36737500521346
0.6 500 8.628847114133816
0.7 500 8.143473033794617
0.8 500 8.008010452307328
0.9 500 8.12257931146219
1.0 500 7.786904197374038
1.1 500 7.5922745315035165
1.2 500 7.314731402085539
1.3 500 6.665604904593855
1.4 500 6.398705730731486
1.5 500 6.578742320879384
1.6 500 6.935997552710193
1.7 500 6.984107981122996
1.8 500 6.684070601112733
1.9 500 5.71323674716494
2.0 500 5.180358866933613
2.1 500 5.3568817194878315
2.2 500 5.725457061076813
2.3 500 6.135414249859335
2.4 500 6.58233989424891
2.5 500 7.070782935299641
2.6 500 7.6079470557135265
2.8 500 8.62383063337106
3.0 500 8.959323401109327
3.5 500 6.256769281878524
4.0 500 9.405708670241284
