0.1 300 40.49725567525638
0.2 300 35.156355435464455
0.3 300 25.694211688568945
0.4 300 21.96830641345576
0.5 300 15.913541174259848
0.6 300 13.342436241720057
0.7 300 13.268412592079239
0.8 300 14.01372888348693
0.9 300 14.174897714377789
1.0 300 14.681755363844005
1.1 300 14.714768306810921
1.2 300 14.448364887644896
1.3 300 14.114714417355943
1.4 300 13.960405711558252
1.5 300 14.031839200693254
1.6 300 13.849702477771265
1.7 300 13.93583187613457
1.8 300 13.799160440982417
1.9 300 14.068370458028385
2.0 300 14.216177570158408
2.1 300 14.691451554657526
2.2 300 14.962928171672909
2.3 300 15.286496458903326
2.4 300 15.577525345640034
2.5 300 15.85266480823219
2.6 300 16.388537581898024
2.8 300 19.231712287852666
3.0 300 22.523496175652966
3.5 300 28.065307729309207
4.0 300 31.004473881667664
