0.1 500 41.61344895171172
0.2 500 38.23248764448421
0.3 500 32.497321990096324
0.4 500 40.917755837198186
0.5 500 29.434951420991833
0.6 500 15.615293359415519
0.7 500 14.45092873517251
0.8 500 15.028940774096988
0.9 500 16.119116248657747
1.0 500 17.58164295310489
1.1 500 18.680964792841007
1.2 500 19.5013413408297
1.3 500 21.549058840014954
1.4 500 22.64229113252381
1.5 500 22.36730935042894
1.6 500 17.209351088253484
1.7 500 16.860510932783285
1.8 500 16.79901410614874
1.9 500 17.38327631429512
2.0 500 17.558611355790106
2.1 500 18.093643372502044
2.2 500 18.57874866650466
2.3 500 18.699794425661278
2.4 500 19.037714581601385
2.5 500 19.615746170992868
2.6 500 20.267437148561743
2.8 500 20.861993306174124
3.0 500 21.973182466741992
3.5 500 29.958162267205964
4.0 500 34.08767954540625
