0.1 400 17.837393008867345
0.2 400 12.59451521659913
0.3 400 10.806260501909671
0.4 400 10.497053384687568
0.5 400 10.37562828296089
0.6 400 10.075209864367535
0.7 400 9.633731228847319
0.8 400 9.589794918004795
0.9 400 9.32199621230454
1.0 400 8.917380801143329
1.1 400 8.248015145699613
1.2 400 7.729245113591459
1.3 400 7.701984132296684
1.4 400 7.845680669669857
1.5 400 7.9680526574483554
1.6 400 8.011649897196325
1.7 400 7.726714673238941
1.8 400 7.601970563821884
1.9 400 6.746080744807817
2.0 400 6.30023758771702
2.1 400 6.538925975235574
2.2 400 6.859544570388072
2.3 400 7.215110936069976
2.4 400 7.572903561077918
2.5 400 7.901089684672131
2.6 400 8.166151043219847
2.8 400 8.458227381791243
3.0 400 8.30132361529051
3.5 400 7.5266244266590565
4.0 400 10.02727760324382
