0.1 300 37.36038720725376
0.2 300 40.45374587603753
0.3 300 34.718387799127164
0.4 300 28.772407737578416
0.5 300 22.09413528165465
0.6 300 21.10324342175691
0.7 300 15.437053952694802
0.8 300 13.11728119780924
0.9 300 14.08576980653303
1.0 300 14.919512676687143
1.1 300 15.11290879285242
1.2 300 14.555512784845677
1.3 300 14.292954726088531
1.4 300 13.905081507054652
1.5 300 13.819667086127156
1.6 300 13.918395532159957
1.7 300 13.790550727027542
1.8 300 14.30493791760254
1.9 300 14.538169102850429
2.0 300 15.182539342205764
2.1 300 15.742606550899216
2.2 300 15.948058731985599
2.3 300 16.48389638688711
2.4 300 16.873653710743632
2.5 300 17.53718697996378
2.6 300 18.03938051198977
2.8 300 19.03498305944258
3.0 300 20.09924892606217
3.5 300 25.44510249333799
4.0 300 31.20561130557056
