0.1 500 14.754162717700773
0.2 500 13.350396450206908
0.3 500 12.27528310788605
0.4 500 12.057240034947208
0.5 500 11.801545270014456
0.6 500 11.374417812929575
0.7 500 10.837334528158701
0.8 500 10.204924889084806
0.9 500 9.830099898014364
1.0 500 9.375287086017595
1.1 500 8.755659573332169
1.2 500 8.196235735999446
1.3 500 8.014711017413429
1.4 500 8.162540423027673
1.5 500 8.310234355688268
1.6 500 8.443570197072303
1.7 500 8.721040027972803
1.8 500 8.549941598597062
1.9 500 8.30955844403091
2.0 500 7.959844015854245
2.1 500 7.474810576648402
2.2 500 5.766370775273081
2.3 500 5.784898225491974
2.4 500 5.888600495145949
2.5 500 6.065204708908634
2.6 500 6.284393593576087
2.8 500 6.698864029295684
3.0 500 6.836702480939877
3.5 500 6.284804906240476
4.0 500 8.964780101962036
