0.1 300 17.157600430054092
0.2 300 13.803597166269006
0.3 300 13.175635060451595
0.4 300 13.46399608652817
0.5 300 12.356837720255138
0.6 300 12.439683649800452
0.7 300 11.685645875808556
0.8 300 10.923041893078183
0.9 300 10.239973916809626
1.0 300 9.634644854024959
1.1 300 9.291091811540483
1.2 300 9.228800571374054
1.3 300 9.237515227007025
1.4 300 9.239987203715442
1.5 300 9.207330223082511
1.6 300 8.776989953308078
1.7 300 8.382190749045549
1.8 300 8.218765367933008
1.9 300 8.011174714237587
2.0 300 7.847911621792939
2.1 300 7.776747761563417
2.2 300 7.765905539412786
2.3 300 7.764789919404101
2.4 300 7.764383625805074
2.5 300 7.779810963940086
2.6 300 7.798825368708725
2.8 300 7.6988225882790795
3.0 300 7.537377880674159
3.5 300 9.16266569005936
4.0 300 11.037345233670964
