0.1 700 40.521090194955555
0.2 700 30.401087348016524
0.3 700 33.027518098279074
0.4 700 15.41263921353062
0.5 700 13.680089216789998
0.6 700 14.342142847429448
0.7 700 15.226477143447461
0.8 700 14.645081487255641
0.9 700 14.932649084158305
1.0 700 16.245176897780542
1.1 700 19.062838903742364
1.2 700 19.630616856510255
1.3 700 18.12951782408295
1.4 700 17.268574373852026
1.5 700 17.524836411596546
1.6 700 17.139957547779336
1.7 700 17.254757052300555
1.8 700 17.34791457363962
1.9 700 16.92329666884133
2.0 700 16.738510943414585
2.1 700 17.169728559807606
2.2 700 17.55812132472801
2.3 700 17.965211397009146
2.4 700 18.487651908785555
2.5 700 18.894104810862803
2.6 700 19.059593516359143
2.8 700 19.974775381016308
3.0 700 20.696734000067206
3.5 700 25.661853213792405
4.0 700 57.21382913454883
