0.1 500 16.267193147644452
0.2 500 11.64147547774984
0.3 500 10.605524009502709
0.4 500 10.536982430244116
0.5 500 10.41909231130364
0.6 500 10.184825836412466
0.7 500 9.999851865454524
0.8 500 9.709440250998362
0.9 500 9.4398832226876
1.0 500 9.213453280588112
1.1 500 8.594939298425253
1.2 500 7.956656343624447
1.3 500 7.7229775901115625
1.4 500 7.988030864270415
1.5 500 8.163031252681956
1.6 500 8.303092020087792
1.7 500 8.39636175070565
1.8 500 8.44563350148781
1.9 500 8.211346157934837
2.0 500 7.856831984314863
2.1 500 7.369095386277198
2.2 500 5.801277473775444
2.3 500 5.851176925890245
2.4 500 5.974608407287254
2.5 500 6.161852497845635
2.6 500 6.389545618981265
2.8 500 6.804117328723969
3.0 500 6.91790435488486
3.5 500 6.294515700807483
4.0 500 8.978280652425068
