0.1 500 39.62502194369461
0.2 500 37.7402464692634
0.3 500 32.304275755090984
0.4 500 42.78205350522409
0.5 500 37.690724351398124
0.6 500 20.19732744018292
0.7 500 15.418473617506162
0.8 500 15.667898200823755
0.9 500 16.796075490656207
1.0 500 18.887875100905212
1.1 500 19.450150404987
1.2 500 21.650492928614323
1.3 500 23.760904510452324
1.4 500 23.94709528171134
1.5 500 23.418715942553842
1.6 500 22.89878045007091
1.7 500 18.213565019398825
1.8 500 18.049275647643203
1.9 500 18.032890882270316
2.0 500 18.377302481707403
2.1 500 18.481275930365687
2.2 500 18.80860291517258
2.3 500 19.145975033814448
2.4 500 19.513826919221007
2.5 500 20.03723461066664
2.6 500 20.590173904280977
2.8 500 22.330039114899908
3.0 500 24.646516144937582
3.5 500 35.45569760088636
4.0 500 35.983321893530665
