0.1 500 15.680486512953557
0.2 500 14.136062553212147
0.3 500 12.586877853663372
0.4 500 12.249745541088625
0.5 500 11.889454314905748
0.6 500 11.43028710222844
0.7 500 10.858178682605223
0.8 500 10.20983019487872
0.9 500 9.828525069705698
1.0 500 9.375821162491375
1.1 500 8.757018582129946
1.2 500 8.194439072171022
1.3 500 8.01471701721798
1.4 500 8.162609606307928
1.5 500 8.310311478513908
1.6 500 8.443599060243859
1.7 500 8.720964274469223
1.8 500 8.54989022463217
1.9 500 8.309558668858534
2.0 500 7.959887059794913
2.1 500 7.474854242786958
2.2 500 5.766334026367817
2.3 500 5.784868737144599
2.4 500 5.88857787874214
2.5 500 6.065188883727572
2.6 500 6.284385311517164
2.8 500 6.698871285790627
3.0 500 6.836716738186069
3.5 500 6.284804773136641
4.0 500 8.964781092748165
