0.1 700 22.748880692301228
0.2 700 13.535793690541805
0.3 700 10.38473135257492
0.4 700 9.625138665055909
0.5 700 9.0887650975077
0.6 700 8.668247192696922
0.7 700 8.464646324905777
0.8 700 7.964319744678397
0.9 700 7.554715520627519
1.0 700 7.778904443825809
1.1 700 7.501508280539041
1.2 700 7.031227426280234
1.3 700 6.892507171061076
1.4 700 6.89588780175267
1.5 700 6.744854300825416
1.6 700 6.2340823182216605
1.7 700 6.343659291250562
1.8 700 6.642603141401723
1.9 700 6.694857462970393
2.0 700 6.47720221837377
2.1 700 6.135563286995162
2.2 700 5.7866794043692895
2.3 700 5.463092957499745
2.4 700 5.305466177473014
2.5 700 5.4494558705324305
2.6 700 5.799412693518236
2.8 700 6.712595800313911
3.0 700 6.833945666495388
3.5 700 6.246721695052698
4.0 700 7.418820346219489
