0.1 500 173.48699438115068
0.2 500 88.32695753332706
0.3 500 93.13038312405536
0.4 500 104.04031365732712
0.5 500 109.52176395475472
0.6 500 110.075256680469
0.7 500 112.55531107488338
0.8 500 118.23351228267398
0.9 500 115.37304897677042
1.0 500 114.4324251790633
1.1 500 116.79436875979815
1.2 500 120.19096586023426
1.3 500 121.4472884600585
1.4 500 120.87391475067355
1.5 500 120.30353667397962
1.6 500 126.4047371780837
1.7 500 144.0560168240629
1.8 500 152.97791917288345
1.9 500 152.13488783976288
2.0 500 149.06646219109257
2.1 500 147.7612333721388
2.2 500 153.506707077454
2.3 500 174.74155990500807
2.4 500 213.26941190238384
2.5 500 256.61007389315347
2.6 500 292.6403912729605
2.8 500 348.2962743045439
3.0 500 390.04492911805465
3.5 500 502.68989642716457
4.0 500 630.2296063664963
