0.1 600 14.621075565196868
0.2 600 11.481204993241874
0.3 600 10.81665268597455
0.4 600 11.181387420635314
0.5 600 11.035249747559977
0.6 600 10.83364314818238
0.7 600 10.315012286535163
0.8 600 10.079530816225347
0.9 600 9.68589951222106
1.0 600 9.626312495439253
1.1 600 9.357039277094975
1.2 600 8.702025434688688
1.3 600 8.126608208989044
1.4 600 7.929856084863426
1.5 600 8.098902957556255
1.6 600 8.2624416183788
1.7 600 8.439072035780686
1.8 600 8.675243125783116
1.9 600 8.747207895170213
2.0 600 8.569579573007301
2.1 600 8.218085430508728
2.2 600 7.600141208311409
2.3 600 6.348352389647657
2.4 600 5.860627146118066
2.5 600 5.463323898948316
2.6 600 5.395456272690041
2.8 600 5.875368821213592
3.0 600 6.2914683069837825
3.5 600 5.718340746641952
4.0 600 8.070942136490556
