0.1 400 274.4086537085801
0.2 400 144.35557903990943
0.3 400 96.84175456381168
0.4 400 93.26577744718934
0.5 400 95.82197574620778
0.6 400 107.18667163747564
0.7 400 111.63687574530331
0.8 400 117.02441906502614
0.9 400 114.70703001770205
1.0 400 116.45774158078676
1.1 400 119.31533289757934
1.2 400 120.83439687772353
1.3 400 120.55258220051346
1.4 400 120.19529115254397
1.5 400 119.91832385695923
1.6 400 132.59344639116804
1.7 400 148.65166681461392
1.8 400 151.67891319910592
1.9 400 149.536334609948
2.0 400 148.9852164243794
2.1 400 157.94581848622155
2.2 400 185.2565415423494
2.3 400 228.6076096476217
2.4 400 271.61823258602067
2.5 400 303.8651066193087
2.6 400 327.5631814058715
2.8 400 363.4833991885984
3.0 400 396.96516791336063
3.5 400 507.8508783504431
4.0 400 645.7453271664946
