0.1 400 169.12511050147685
0.2 400 107.69072985928578
0.3 400 96.31145839510691
0.4 400 98.22205551549455
0.5 400 106.29611926412684
0.6 400 103.0585422026004
0.7 400 115.2439203212417
0.8 400 112.82117450817195
0.9 400 111.32051164862936
1.0 400 111.18546272610716
1.1 400 113.26881047677635
1.2 400 119.82136124095841
1.3 400 122.00719441209687
1.4 400 121.70086612151461
1.5 400 123.8125825811522
1.6 400 139.1021513577687
1.7 400 153.3598138961027
1.8 400 154.77671109711855
1.9 400 151.67413684798854
2.0 400 150.89428990628144
2.1 400 160.71307794521485
2.2 400 189.2895668192643
2.3 400 232.73810845930805
2.4 400 273.91356418716146
2.5 400 303.5565062203944
2.6 400 325.0042984158711
2.8 400 359.0841720006374
3.0 400 392.38727548271794
3.5 400 504.55623689277377
4.0 400 644.6131812933767
