0.1 400 30.507848677180824
0.2 400 13.055512310835315
0.3 400 10.970212086049182
0.4 400 10.907998327015179
0.5 400 11.304489504543978
0.6 400 11.593996237932512
0.7 400 12.763390429944055
0.8 400 13.333420966994879
0.9 400 13.06009138675122
1.0 400 13.738818134017007
1.1 400 13.850888928700126
1.2 400 13.832115783257368
1.3 400 13.375588739094816
1.4 400 13.175291217873845
1.5 400 12.951391635950207
1.6 400 12.795624458925252
1.7 400 12.787600247047811
1.8 400 12.931906117001969
1.9 400 12.738239938189164
2.0 400 12.997112236941762
2.1 400 12.881883044498542
2.2 400 12.886042873569846
2.3 400 13.091561395118156
2.4 400 13.544785110273503
2.5 400 14.163756118617112
2.6 400 14.902432975140561
2.8 400 16.473784146929948
3.0 400 18.79163215954138
3.5 400 24.56166463011144
4.0 400 29.97743517819493
