0.1 700 16.327862089431054
0.2 700 11.241743049422698
0.3 700 9.402968851207278
0.4 700 9.094468655348056
0.5 700 8.80834902360611
0.6 700 8.8876786721254
0.7 700 8.400172982257391
0.8 700 8.127461594664645
0.9 700 8.207681375279318
1.0 700 7.794646973341643
1.1 700 7.55244986431248
1.2 700 7.53547740480793
1.3 700 7.292454796598358
1.4 700 6.883556153507648
1.5 700 6.762444355322912
1.6 700 6.833059314018678
1.7 700 6.863556965356661
1.8 700 6.714753699776544
1.9 700 6.448415197516801
2.0 700 6.355633686920175
2.1 700 6.08963203154551
2.2 700 5.830993317709781
2.3 700 5.54197602787888
2.4 700 5.770054353948548
2.5 700 6.106837156899772
2.6 700 6.505503829362847
2.8 700 6.1550306760859295
3.0 700 6.315673258478427
3.5 700 6.698305438051117
4.0 700 8.424861049436604
