0.1 400 37.491929198689526
0.2 400 40.0832547198262
0.3 400 34.85344608266414
0.4 400 30.1627181710876
0.5 400 24.801069056021266
0.6 400 24.9112776232151
0.7 400 18.79623571873526
0.8 400 14.11009255333643
0.9 400 13.123275673000615
1.0 400 13.44361476825142
1.1 400 14.044676594986013
1.2 400 14.62070727253137
1.3 400 15.698813664026162
1.4 400 16.18251913644774
1.5 400 17.184580390558022
1.6 400 16.273499949664643
1.7 400 15.723203911349549
1.8 400 15.139661766444728
1.9 400 15.083262210228261
2.0 400 15.10134636752682
2.1 400 14.676920013968502
2.2 400 14.768274495208386
2.3 400 14.970043423093637
2.4 400 15.233935409570345
2.5 400 15.003785665631446
2.6 400 15.256752850905757
2.8 400 15.34017649448704
3.0 400 15.569931038858016
3.5 400 17.196369818888734
4.0 400 19.37638412709312
