0.1 700 41.21455682723409
0.2 700 36.64704848327378
0.3 700 32.481181031723914
0.4 700 18.01540809720743
0.5 700 13.340161994452837
0.6 700 13.464242099833355
0.7 700 14.60302261791033
0.8 700 14.731793895129169
0.9 700 14.623572274533595
1.0 700 15.943675097650592
1.1 700 18.67704328727609
1.2 700 20.611110536968614
1.3 700 20.720781238588163
1.4 700 17.896984029258718
1.5 700 16.72422055815916
1.6 700 16.896736929976854
1.7 700 17.193351266655743
1.8 700 17.43094088772382
1.9 700 17.7383874246517
2.0 700 18.20238950137633
2.1 700 18.031333150591106
2.2 700 17.98793890394396
2.3 700 18.28986500060917
2.4 700 19.015031733093533
2.5 700 19.204368226792365
2.6 700 19.274967084597304
2.8 700 19.749837684088625
3.0 700 23.13394812098938
3.5 700 22.529219038275645
4.0 700 42.02990061697414
