0.1 300 16.8605131562462
0.2 300 13.599382559772485
0.3 300 12.701831561995878
0.4 300 12.91778474211175
0.5 300 11.883796622075629
0.6 300 12.211283817930864
0.7 300 11.476887582024863
0.8 300 10.778891686956815
0.9 300 10.16753004781341
1.0 300 9.58468449997168
1.1 300 9.258811576064463
1.2 300 9.223878307797984
1.3 300 9.212059461673334
1.4 300 9.1601207209193
1.5 300 9.10424781392868
1.6 300 8.664471767133708
1.7 300 8.284614069094202
1.8 300 8.13913968130261
1.9 300 8.034510737213207
2.0 300 7.944830620947638
2.1 300 7.919178658521517
2.2 300 7.920111260105061
2.3 300 7.91379027714081
2.4 300 7.89239445987366
2.5 300 7.883532407779593
2.6 300 7.875598170118923
2.8 300 7.737395929381091
3.0 300 7.555691609315469
3.5 300 9.17363170580548
4.0 300 11.043063430344409
