0.1 400 20.078996986028127
0.2 400 14.697190338836847
0.3 400 12.249951281288089
0.4 400 10.463471014444009
0.5 400 10.035295247216876
0.6 400 9.638683879470209
0.7 400 9.312352585435761
0.8 400 8.556904934442453
0.9 400 8.412877189655767
1.0 400 8.192675263672623
1.1 400 7.884257109878933
1.2 400 7.514737165351078
1.3 400 6.95243132751685
1.4 400 6.571524409800423
1.5 400 6.644382702068249
1.6 400 6.861701604703753
1.7 400 6.84765741725081
1.8 400 6.395681674702666
1.9 400 5.72195643679418
2.0 400 5.517446109970764
2.1 400 5.718861824711912
2.2 400 6.064259004052236
2.3 400 6.508083556624273
2.4 400 7.016185775491017
2.5 400 7.569229310960557
2.6 400 8.126907776583442
2.8 400 8.994696387545897
3.0 400 9.071640186177898
3.5 400 7.307593584461048
4.0 400 10.183539946270946
