0.1 500 41.64084937145952
0.2 500 37.49898366983686
0.3 500 33.32608917341923
0.4 500 32.478005688816836
0.5 500 25.278677139485783
0.6 500 15.284093689064237
0.7 500 13.362035258090549
0.8 500 14.10380905026407
0.9 500 15.14114057196318
1.0 500 16.524126578264827
1.1 500 17.78371327940939
1.2 500 17.984710257279087
1.3 500 17.703900844869874
1.4 500 17.082194646846474
1.5 500 16.525366412531227
1.6 500 16.155684790899244
1.7 500 16.663869676172734
1.8 500 16.240506038455017
1.9 500 16.017248222956404
2.0 500 16.645226166832842
2.1 500 17.398628905835128
2.2 500 18.083315688787483
2.3 500 18.216603196263247
2.4 500 18.523842930157628
2.5 500 19.11078407795402
2.6 500 19.598450429710844
2.8 500 20.77464913024111
3.0 500 21.963604224323014
3.5 500 28.45390811588816
4.0 500 29.128914013020005
