0.1 500 38.82733958873797
0.2 500 27.671601639064246
0.3 500 23.627870229641587
0.4 500 12.602068306003234
0.5 500 13.238210051075235
0.6 500 13.46459507609164
0.7 500 14.24028782555911
0.8 500 14.008217214707475
0.9 500 14.543756279587772
1.0 500 15.836185789500115
1.1 500 16.30261346109805
1.2 500 15.70225378358593
1.3 500 15.573687777245214
1.4 500 15.395715537103642
1.5 500 15.192289980464004
1.6 500 15.103791265411402
1.7 500 14.958038132092032
1.8 500 14.923609288386924
1.9 500 14.677921516341705
2.0 500 14.989054944759719
2.1 500 14.99373435681632
2.2 500 15.465476459680588
2.3 500 15.529178304476229
2.4 500 15.632983924301291
2.5 500 15.80739735525618
2.6 500 15.770641839960328
2.8 500 17.05491422998802
3.0 500 19.65730098221721
3.5 500 25.15365728014466
4.0 500 29.411274723855037
