0.1 700 14.765138683309313
0.2 700 13.128219642985663
0.3 700 11.785502468931096
0.4 700 11.28946373133797
0.5 700 11.172835151796724
0.6 700 11.137113460932019
0.7 700 10.558278175632426
0.8 700 10.216560237844197
0.9 700 9.859624666605862
1.0 700 9.751523253596998
1.1 700 9.522627014586714
1.2 700 8.905054523478986
1.3 700 8.433402617382665
1.4 700 7.870127967655709
1.5 700 7.671651655069628
1.6 700 7.9165695099462745
1.7 700 8.061531641327088
1.8 700 8.421430797484433
1.9 700 8.537728476618716
2.0 700 8.606070707283884
2.1 700 8.594009058258463
2.2 700 7.541167336343266
2.3 700 6.762250347104441
2.4 700 6.290718288541422
2.5 700 5.774308805103501
2.6 700 5.622526923760954
2.8 700 6.018913579179343
3.0 700 6.525931112487306
3.5 700 6.036545260365207
4.0 700 7.491657082185146
