0.1 500 15.35736321950236
0.2 500 14.04120883987496
0.3 500 12.569657596578422
0.4 500 12.24337408992942
0.5 500 11.887917249984136
0.6 500 11.429314497222945
0.7 500 10.858038499616361
0.8 500 10.209865358826551
0.9 500 9.828554145692985
1.0 500 9.375812568010868
1.1 500 8.75701342714619
1.2 500 8.194441069969303
1.3 500 8.014717898822628
1.4 500 8.162609723841271
1.5 500 8.310311687413643
1.6 500 8.443599287778872
1.7 500 8.720964404551511
1.8 500 8.54989029329784
1.9 500 8.309558698329365
2.0 500 7.959887070834491
2.1 500 7.4748542489094305
2.2 500 5.76633401829273
2.3 500 5.7848687585481
2.4 500 5.888577850218853
2.5 500 6.065188823657952
2.6 500 6.284385215785594
2.8 500 6.698871447868261
3.0 500 6.836716657118414
3.5 500 6.2848024361773245
4.0 500 8.96478228753859
