0.1 500 17.31699720531148
0.2 500 12.186525407574953
0.3 500 10.314715791474857
0.4 500 10.018021767440478
0.5 500 9.675764220080252
0.6 500 9.467933456106966
0.7 500 9.135189037321812
0.8 500 9.163202338861048
0.9 500 8.876852204209023
1.0 500 8.773922791524067
1.1 500 8.388765896276258
1.2 500 7.654249354035417
1.3 500 7.277143420832694
1.4 500 7.47173062109446
1.5 500 7.853821288818152
1.6 500 8.005306128460983
1.7 500 8.049479009525752
1.8 500 7.829610198947358
1.9 500 7.527611579515978
2.0 500 7.428796409939407
2.1 500 5.751355085287469
2.2 500 5.860586186904792
2.3 500 6.01563943811951
2.4 500 6.183226294947646
2.5 500 6.47280212854496
2.6 500 6.758719422872647
2.8 500 7.2541331534492866
3.0 500 7.352533540650258
3.5 500 6.3429914849243705
4.0 500 9.059989817712983
