0.1 700 19.867631399374012
0.2 700 10.668278492691082
0.3 700 11.600136224049413
0.4 700 11.886506181558474
0.5 700 12.377312997444944
0.6 700 12.755224631078008
0.7 700 13.51327590168104
0.8 700 14.059181820556411
0.9 700 14.156108685814512
1.0 700 14.644373501348264
1.1 700 15.071739659140432
1.2 700 15.163889611099654
1.3 700 15.138444840108678
1.4 700 14.869920597527639
1.5 700 14.804176058516186
1.6 700 14.72791344065677
1.7 700 14.410436184219828
1.8 700 14.471233335193102
1.9 700 14.51173883272804
2.0 700 14.21861446832109
2.1 700 13.980228519715421
2.2 700 14.213414663199817
2.3 700 14.568136557842939
2.4 700 14.46040562403092
2.5 700 14.511445029611691
2.6 700 14.915087309600072
2.8 700 16.48429878476556
3.0 700 18.577080602074737
3.5 700 22.658417522787655
4.0 700 27.04367471363299
