0.1 300 19.907519043885927
0.2 300 16.066612150987048
0.3 300 12.828925994651993
0.4 300 11.147670657484456
0.5 300 11.129515463123534
0.6 300 10.459569965883762
0.7 300 9.622139941441015
0.8 300 9.796826042677777
0.9 300 9.400834396540176
1.0 300 8.62041174909786
1.1 300 8.065664893974175
1.2 300 7.584130622408461
1.3 300 7.382231302833852
1.4 300 7.383022305765791
1.5 300 7.41267308309724
1.6 300 6.7140443890353785
1.7 300 6.1733321571656194
1.8 300 6.025431716968915
1.9 300 6.006508019750823
2.0 300 6.117953271858065
2.1 300 6.378238512868728
2.2 300 6.771266154762372
2.3 300 7.364701559019824
2.4 300 7.868229756046087
2.5 300 8.56092800017007
2.6 300 9.056370240494806
2.8 300 9.556846787462247
3.0 300 9.075006719759429
3.5 300 7.863079604116688
4.0 300 10.648195575935318
