0.1 700 13.979308014664316
0.2 700 12.300740039826618
0.3 700 11.394407077097235
0.4 700 11.07998725691262
0.5 700 11.066806527291007
0.6 700 11.087623309490072
0.7 700 10.528119757724905
0.8 700 10.202425368634389
0.9 700 9.84855274601252
1.0 700 9.749091619912626
1.1 700 9.525496197878898
1.2 700 8.907811426633508
1.3 700 8.435026580139182
1.4 700 7.871031668947785
1.5 700 7.671953948209936
1.6 700 7.9165608527894085
1.7 700 8.061412207971472
1.8 700 8.421348652609877
1.9 700 8.537699131243123
2.0 700 8.606063975155521
2.1 700 8.594011145917218
2.2 700 7.541135845760268
2.3 700 6.7622492198374315
2.4 700 6.2907430841285965
2.5 700 5.774338074613746
2.6 700 5.622534261279275
2.8 700 6.018903547089505
3.0 700 6.525920788258647
3.5 700 6.036561360079406
4.0 700 7.491651458486502
