0.1 700 39.24292312788153
0.2 700 40.049983819009874
0.3 700 35.46686323981403
0.4 700 30.276865338234852
0.5 700 30.868939175569672
0.6 700 16.554699493418884
0.7 700 14.098791004801129
0.8 700 13.39787018489178
0.9 700 13.3697297624575
1.0 700 14.57235339164393
1.1 700 14.719082131583939
1.2 700 14.648221195236463
1.3 700 14.670221995498187
1.4 700 15.320120912287086
1.5 700 17.99505482246999
1.6 700 19.677922505779375
1.7 700 20.45409582946355
1.8 700 21.045314423572105
1.9 700 20.866524279015305
2.0 700 19.265024856951065
2.1 700 17.34308079743536
2.2 700 16.775153293975528
2.3 700 16.89549567642673
2.4 700 17.12356904862328
2.5 700 17.36402853990407
2.6 700 17.58069094656869
2.8 700 18.046195420916
3.0 700 18.093769958095503
3.5 700 19.143588800486448
4.0 700 20.032273471497263
