0.1 300 38.81575035927911
0.2 300 31.98592002253534
0.3 300 21.92287518683656
0.4 300 15.919106466266125
0.5 300 11.876917086899393
0.6 300 12.694635981150034
0.7 300 12.764739373116878
0.8 300 12.941050668535805
0.9 300 13.59268675900146
1.0 300 13.94734051851935
1.1 300 13.877406630930793
1.2 300 13.578405611998006
1.3 300 13.270677665853244
1.4 300 13.29770175894533
1.5 300 13.012258334789571
1.6 300 12.916774597910356
1.7 300 12.728192693982379
1.8 300 12.966215870812189
1.9 300 13.353604122465539
2.0 300 13.3367543617743
2.1 300 13.51873031028912
2.2 300 13.610519215310815
2.3 300 13.987793209149128
2.4 300 14.683124894141187
2.5 300 15.545496351818983
2.6 300 16.4457727871709
2.8 300 18.241583324835183
3.0 300 19.98342243712446
3.5 300 26.04021122703061
4.0 300 33.23017338480448
