0.1 700 230.56821945098497
0.2 700 97.10135266392102
0.3 700 101.22952005221427
0.4 700 107.71565761892899
0.5 700 112.01696395089944
0.6 700 120.92981368237731
0.7 700 116.74170980535939
0.8 700 122.27803347412302
0.9 700 118.43322323286661
1.0 700 117.26484233042225
1.1 700 117.78749065008225
1.2 700 122.31731555899232
1.3 700 127.64487088116115
1.4 700 130.65103564089816
1.5 700 129.20346099874058
1.6 700 124.8304273325895
1.7 700 128.40265646680882
1.8 700 137.76453808608167
1.9 700 144.2565372483253
2.0 700 147.91432010043874
2.1 700 147.592312002676
2.2 700 145.75342197943036
2.3 700 145.34657971669998
2.4 700 153.30598747222098
2.5 700 178.46837104491885
2.6 700 215.12818692467098
2.8 700 285.60962127561606
3.0 700 364.409456097587
3.5 700 501.5728280505257
4.0 700 623.5676245994689
