0.1 700 13.587727118239952
0.2 700 10.812712169131073
0.3 700 9.894738777753737
0.4 700 9.898069152044336
0.5 700 10.055943230989467
0.6 700 10.261777708994371
0.7 700 9.84696861397338
0.8 700 9.658837205220365
0.9 700 9.390060395294586
1.0 700 9.343554790271213
1.1 700 9.37960559071948
1.2 700 8.916661644438845
1.3 700 8.446814012503268
1.4 700 7.874421799930485
1.5 700 7.667021502263002
1.6 700 7.866689632307738
1.7 700 7.968017725421792
1.8 700 8.323894995064068
1.9 700 8.463346199241082
2.0 700 8.562212323317613
2.1 700 8.089078370138182
2.2 700 7.4579034144820895
2.3 700 6.768957214748126
2.4 700 6.129485945498082
2.5 700 5.765338653920838
2.6 700 5.680401843728506
2.8 700 6.0977108787370815
3.0 700 6.585833539358271
3.5 700 6.06063093146143
4.0 700 7.4982329316991585
