0.1 600 24.517701278854467
0.2 600 10.254904557821984
0.3 600 10.869167169516512
0.4 600 11.867687388964324
0.5 600 11.93470657327024
0.6 600 12.57982635179228
0.7 600 13.47942458241783
0.8 600 13.86330759146934
0.9 600 13.959786518446657
1.0 600 14.351025250372732
1.1 600 15.050646865144907
1.2 600 15.361372015668541
1.3 600 15.311875585244987
1.4 600 15.038617572804323
1.5 600 14.837295311004215
1.6 600 14.38858148055366
1.7 600 14.36558528088897
1.8 600 14.35111930575164
1.9 600 14.049529473307555
2.0 600 14.169781324711959
2.1 600 13.961713904530475
2.2 600 14.218206736754892
2.3 600 14.013216763034348
2.4 600 13.981079446827714
2.5 600 14.376102432719243
2.6 600 14.882521693982834
2.8 600 16.615826523301404
3.0 600 18.59230454158588
3.5 600 22.934915072088145
4.0 600 28.157549194384618
