0.1 400 219.59120038657562
0.2 400 97.26120277290275
0.3 400 91.63048244903237
0.4 400 95.23668525677206
0.5 400 104.5736239441366
0.6 400 102.90234096689863
0.7 400 114.80620746914288
0.8 400 112.64721278526399
0.9 400 111.27236754292863
1.0 400 112.10599001612584
1.1 400 113.26593957397412
1.2 400 119.81829911733176
1.3 400 122.00540609660634
1.4 400 121.70019945263412
1.5 400 123.81175750565853
1.6 400 139.10194569077407
1.7 400 153.35967592454568
1.8 400 154.7766458794378
1.9 400 151.67410358062475
2.0 400 150.89427737730895
2.1 400 160.71306962226907
2.2 400 189.28955361978086
2.3 400 232.73810286749116
2.4 400 273.9135619113944
2.5 400 303.55650073040533
2.6 400 325.004302993355
2.8 400 359.08417447341105
3.0 400 392.38728190758593
3.5 400 504.55623578822
4.0 400 644.6131707168413
