0.1 600 140.14558588548056
0.2 600 89.94244075483672
0.3 600 95.75522843148102
0.4 600 104.90863920065313
0.5 600 114.91723997341917
0.6 600 109.75329582036825
0.7 600 114.0941974096733
0.8 600 119.62980478872076
0.9 600 115.91244760604147
1.0 600 115.09122510347031
1.1 600 116.709406258177
1.2 600 118.60883165082305
1.3 600 119.71026073397248
1.4 600 120.00244676289186
1.5 600 119.83371817789693
1.6 600 119.02837899605909
1.7 600 125.55282628913476
1.8 600 139.32464451701486
1.9 600 147.19943054940052
2.0 600 148.37290667532798
2.1 600 146.77371087552524
2.2 600 146.3019121257158
2.3 600 152.48825433869533
2.4 600 174.46856981366835
2.5 600 211.21710578197107
2.6 600 251.20512637999377
2.8 600 321.07963458239044
3.0 600 382.03724245193456
3.5 600 501.96998506297473
4.0 600 624.6882314237239
