0.1 600 15.150730058401278
0.2 600 13.62026011052571
0.3 600 12.085782002614268
0.4 600 11.88660056617095
0.5 600 11.626433372623996
0.6 600 11.267698117418291
0.7 600 10.613579899726817
0.8 600 10.27585142829522
0.9 600 9.840931712065755
1.0 600 9.685030127880674
1.1 600 9.354495617653384
1.2 600 8.700018388147605
1.3 600 8.131613472125945
1.4 600 7.942026617371208
1.5 600 8.114124606109597
1.6 600 8.277388356397248
1.7 600 8.45020070453963
1.8 600 8.681204119283288
1.9 600 8.748949189635667
2.0 600 8.57087405122916
2.1 600 8.22149423695395
2.2 600 7.603593598005936
2.3 600 6.349298565929266
2.4 600 5.859053251558339
2.5 600 5.460742654143886
2.6 600 5.392807357190543
2.8 600 5.873312918321197
3.0 600 6.290643215947371
3.5 600 5.718298590074554
4.0 600 8.070699691546936
