0.1 300 29.4675252688748
0.2 300 12.867489601045312
0.3 300 9.113448585142553
0.4 300 9.250215233781761
0.5 300 10.2109789785862
0.6 300 10.692049329346473
0.7 300 11.420969359143026
0.8 300 11.991590892178301
0.9 300 12.470003171487704
1.0 300 12.490479152235245
1.1 300 12.3244476261142
1.2 300 12.17220920425761
1.3 300 12.153893667100046
1.4 300 12.165045362758995
1.5 300 12.099936020744389
1.6 300 11.889146107660192
1.7 300 11.867815506583975
1.8 300 12.027826301200504
1.9 300 12.015451369677681
2.0 300 12.364426001162032
2.1 300 12.509215385697221
2.2 300 12.816174417676105
2.3 300 13.315337067063641
2.4 300 13.878927784767031
2.5 300 14.528051801288914
2.6 300 15.756123279578812
2.8 300 18.00636157996483
3.0 300 20.257482951092214
3.5 300 25.429533630695317
4.0 300 29.826166748204137
