0.1 300 17.610846713701974
0.2 300 14.917038258755616
0.3 300 14.273522210176255
0.4 300 13.916960143445925
0.5 300 12.860785365662045
0.6 300 12.599953591617817
0.7 300 11.868310197681962
0.8 300 10.991004801530762
0.9 300 10.259920600333553
1.0 300 9.741305763534601
1.1 300 9.280943602680573
1.2 300 9.217014277724457
1.3 300 9.241211448258603
1.4 300 9.254819727888414
1.5 300 9.223435765601655
1.6 300 8.794499394402159
1.7 300 8.396937429965888
1.8 300 8.148374874336342
1.9 300 8.00698386512462
2.0 300 7.831955547256948
2.1 300 7.757045804526724
2.2 300 7.74698595877808
2.3 300 7.748855392570402
2.4 300 7.752435593991892
2.5 300 7.7718381875121025
2.6 300 7.793970361418505
2.8 300 7.697368428612373
3.0 300 7.536924289870068
3.5 300 9.162277637030316
4.0 300 11.037179747956483
