0.1 300 41.073978218470074
0.2 300 37.475401276745814
0.3 300 29.71012013019894
0.4 300 23.42107395644589
0.5 300 23.12919228391521
0.6 300 14.555203120667011
0.7 300 13.991790331399867
0.8 300 14.685014405354524
0.9 300 15.603350026913885
1.0 300 15.334798064572668
1.1 300 15.03384154389858
1.2 300 14.774536380440674
1.3 300 14.638178349339224
1.4 300 14.333495995940812
1.5 300 14.40515145752722
1.6 300 14.653216095423645
1.7 300 14.563044514932155
1.8 300 14.803336839816605
1.9 300 14.790301727824616
2.0 300 15.172421993884193
2.1 300 15.362262526370666
2.2 300 15.673932300162498
2.3 300 16.212631992431596
2.4 300 16.58717030722593
2.5 300 17.08291403135524
2.6 300 17.708346798792892
2.8 300 18.951767300071484
3.0 300 20.921754883237366
3.5 300 29.3805078505797
4.0 300 35.03463451618084
