0.1 400 38.719574155530324
0.2 400 29.20582942268555
0.3 400 20.880887524230204
0.4 400 13.225887800574167
0.5 400 12.326380895929956
0.6 400 12.86507679866288
0.7 400 12.977990066928246
0.8 400 13.06126479214426
0.9 400 14.1855889749024
1.0 400 14.628720698086541
1.1 400 14.840872743602239
1.2 400 14.86857426496799
1.3 400 14.709292795428498
1.4 400 14.617636400886408
1.5 400 14.23196772127373
1.6 400 14.153575759180704
1.7 400 14.13305931583715
1.8 400 14.178686634290552
1.9 400 13.921447488201295
2.0 400 13.819942637527479
2.1 400 14.189388798456072
2.2 400 14.255264960221076
2.3 400 14.483360286288283
2.4 400 14.465070629383963
2.5 400 14.698725767364826
2.6 400 15.445367118666379
2.8 400 17.674082780098143
3.0 400 19.951915084208203
3.5 400 24.211912467440463
4.0 400 30.390018991659616
