0.1 300 18.264928054393778
0.2 300 13.02970501383286
0.3 300 11.285331444154094
0.4 300 11.45351977568526
0.5 300 10.442615300903325
0.6 300 9.881010215159648
0.7 300 10.156395419642413
0.8 300 9.703286572579808
0.9 300 9.155881702864978
1.0 300 8.689656690752155
1.1 300 8.195133167617222
1.2 300 8.035374805289102
1.3 300 8.074960501351415
1.4 300 8.02044704904767
1.5 300 7.345060514586965
1.6 300 6.413662268896047
1.7 300 5.9903754841370604
1.8 300 6.103427708792765
1.9 300 6.373152784494994
2.0 300 6.752034937197459
2.1 300 7.222634265187518
2.2 300 7.528985188973581
2.3 300 7.622499098824859
2.4 300 7.781153490889925
2.5 300 7.799961716419724
2.6 300 7.982707343969681
2.8 300 8.654414005231216
3.0 300 8.352878111204214
3.5 300 9.795445129305117
4.0 300 11.449030293247407
