0.1 300 18.12791161515005
0.2 300 13.38773921321519
0.3 300 12.013456604272289
0.4 300 12.693245326569194
0.5 300 11.524472349588763
0.6 300 11.828062346914148
0.7 300 11.332591927331013
0.8 300 10.606838079755274
0.9 300 10.04706355344104
1.0 300 9.489511926600818
1.1 300 9.160526874481313
1.2 300 9.137684327207687
1.3 300 9.13543235309033
1.4 300 9.07192188443704
1.5 300 8.999231490916134
1.6 300 8.55773342521598
1.7 300 8.193515076710177
1.8 300 8.035128072089217
1.9 300 7.946615978206579
2.0 300 7.8840786570814085
2.1 300 7.888249745082096
2.2 300 7.916149361397018
2.3 300 7.931045187831152
2.4 300 7.923593326796964
2.5 300 7.9215285873071615
2.6 300 7.914918887737056
2.8 300 7.7672071509106795
3.0 300 7.57038667596623
3.5 300 9.169649480023919
4.0 300 11.040448776082691
