0.1 600 14.839882494521698
0.2 600 13.52175378301832
0.3 600 11.98165812969616
0.4 600 11.87660219232264
0.5 600 11.623990478767018
0.6 600 11.267032303001825
0.7 600 10.613255899712373
0.8 600 10.275744780722425
0.9 600 9.840909688281853
1.0 600 9.685040387405564
1.1 600 9.354499848293473
1.2 600 8.70002061692495
1.3 600 8.131614368676663
1.4 600 7.9420266037958696
1.5 600 8.114124547672494
1.6 600 8.277388456217004
1.7 600 8.450200820501184
1.8 600 8.681204168053197
1.9 600 8.748949208155203
2.0 600 8.570874061151349
2.1 600 8.221494242862002
2.2 600 7.603593600944173
2.3 600 6.3492985527227885
2.4 600 5.859053291213472
2.5 600 5.460742653021144
2.6 600 5.392807375891407
2.8 600 5.87331300462834
3.0 600 6.290643466789339
3.5 600 5.718301935896017
4.0 600 8.070699208639468
