0.1 700 174.70102295672584
0.2 700 93.54363196126636
0.3 700 103.38442520376161
0.4 700 106.9535573733445
0.5 700 113.09893606605125
0.6 700 118.94537472107733
0.7 700 115.31704953293882
0.8 700 121.12895905731637
0.9 700 118.81306161967505
1.0 700 117.62913600712417
1.1 700 117.98560462634016
1.2 700 122.08085295392989
1.3 700 127.36021248977501
1.4 700 130.43392289594698
1.5 700 129.05275094345566
1.6 700 124.78689190281472
1.7 700 128.4279313152472
1.8 700 137.7890384956844
1.9 700 144.26807667710838
2.0 700 147.9202268747164
2.1 700 147.5954408531566
2.2 700 145.75021180392923
2.3 700 145.3415653558111
2.4 700 153.30376267282833
2.5 700 178.46987752390984
2.6 700 215.13205728107528
2.8 700 285.61198578515706
3.0 700 364.40668047903654
3.5 700 501.5714465495302
4.0 700 623.5670453654743
