0.1 600 112.78352625587189
0.2 600 92.61340065802214
0.3 600 96.33416511980003
0.4 600 104.97052199612254
0.5 600 114.9317719265758
0.6 600 109.75485350709042
0.7 600 114.09466388316298
0.8 600 119.62990131355397
0.9 600 115.91246151680186
1.0 600 115.09122691560786
1.1 600 116.70940664970773
1.2 600 118.60883163813747
1.3 600 119.71026313700399
1.4 600 120.00244880917157
1.5 600 119.83370053216629
1.6 600 119.0283599062446
1.7 600 125.55279643685012
1.8 600 139.32464737095964
1.9 600 147.19938182344018
2.0 600 148.37290215811274
2.1 600 146.7736624044586
2.2 600 146.30192057879478
2.3 600 152.4882542252929
2.4 600 174.46856981366835
2.5 600 211.21710578197107
2.6 600 251.20512637999377
2.8 600 321.07963458239044
3.0 600 382.03724245193456
3.5 600 501.96998506297473
4.0 600 624.6882314237239
