0.1 600 41.095827649731085
0.2 600 39.7139522192355
0.3 600 32.20920950279627
0.4 600 41.59973396063676
0.5 600 30.269548376768768
0.6 600 14.17180408049704
0.7 600 14.810124159193458
0.8 600 14.625054552895282
0.9 600 16.250649672109553
1.0 600 17.7274248505287
1.1 600 19.56224345523039
1.2 600 21.322312176076267
1.3 600 22.570216600299574
1.4 600 22.804005740734606
1.5 600 23.014618069041628
1.6 600 22.739749585701336
1.7 600 17.863704809600897
1.8 600 17.660997470239955
1.9 600 18.077618431260255
2.0 600 18.65800073715912
2.1 600 18.706874144743878
2.2 600 19.146802882675118
2.3 600 18.984847350082955
2.4 600 19.035154489889383
2.5 600 19.494244081748356
2.6 600 20.31021988059485
2.8 600 22.016819952351916
3.0 600 23.84486330218248
3.5 600 32.037674039850316
4.0 600 34.40921176557818
