0.1 400 38.26661354816515
0.2 400 32.44981447167486
0.3 400 24.827592386024413
0.4 400 22.322045523403755
0.5 400 13.668784613870775
0.6 400 13.69989295167655
0.7 400 14.49435716087315
0.8 400 14.624830752420468
0.9 400 15.423210800533816
1.0 400 16.111320078459684
1.1 400 15.684198470747347
1.2 400 15.396746610132416
1.3 400 15.356298570786354
1.4 400 14.971586869651954
1.5 400 15.003122447234244
1.6 400 14.754212935597982
1.7 400 14.90437347941678
1.8 400 15.064934995723467
1.9 400 15.308101373262776
2.0 400 15.224716882860257
2.1 400 15.578866735115046
2.2 400 15.578621639278248
2.3 400 15.87827186922989
2.4 400 16.433263772937245
2.5 400 16.821282471009695
2.6 400 17.792513367188043
2.8 400 19.042610887065667
3.0 400 21.120589134663337
3.5 400 28.61016187819773
4.0 400 37.88609830631184
