0.1 300 276.98496373719405
0.2 300 180.52888151220952
0.3 300 95.20651184261975
0.4 300 101.12015905100309
0.5 300 94.5305459532483
0.6 300 104.18402362667872
0.7 300 104.45858754497675
0.8 300 104.1490376549985
0.9 300 111.94260899657036
1.0 300 111.34934444325603
1.1 300 108.68818119459966
1.2 300 107.37818110976738
1.3 300 107.88599020827706
1.4 300 108.38790725432712
1.5 300 109.84244475598337
1.6 300 113.76742178584331
1.7 300 118.53034851333243
1.8 300 121.12043177232717
1.9 300 124.11895813909403
2.0 300 133.4240342842352
2.1 300 147.64312096665088
2.2 300 156.75548494063867
2.3 300 159.35805473575036
2.4 300 158.70158130887012
2.5 300 157.4329041802344
2.6 300 157.96106001823497
2.8 300 176.55067838503894
3.0 300 226.50603749879858
3.5 300 318.5329223765468
4.0 300 361.78526952152464
