0.1 600 236.52976643352903
0.2 600 104.04081705631603
0.3 600 91.2613778528612
0.4 600 92.52120827484264
0.5 600 102.57867670566883
0.6 600 105.07130303270267
0.7 600 112.95023086593386
0.8 600 113.27737919257841
0.9 600 109.36874714863146
1.0 600 116.41040071187578
1.1 600 121.4837624501501
1.2 600 118.67954615754583
1.3 600 115.89586289116727
1.4 600 114.97861237191609
1.5 600 115.96027281394636
1.6 600 117.05068732041109
1.7 600 118.57553227478213
1.8 600 119.50076501058598
1.9 600 119.94926118152173
2.0 600 120.00346044267052
2.1 600 119.84314350538295
2.2 600 119.51922869874863
2.3 600 119.02529748847363
2.4 600 123.13691978909881
2.5 600 132.54057324674883
2.6 600 141.56841867263412
2.8 600 148.50954368128995
3.0 600 146.77365340071617
3.5 600 191.7090607617704
4.0 600 321.079724739892
