0.1 700 100.04192876514118
0.2 700 93.5916146321622
0.3 700 106.42252496460068
0.4 700 108.80227518563281
0.5 700 114.73257975639325
0.6 700 119.21996704615103
0.7 700 115.4567374942166
0.8 700 121.22468175053014
0.9 700 118.84665414302691
1.0 700 117.64742640108528
1.1 700 117.99231565670233
1.2 700 122.07641158249494
1.3 700 127.35551121249809
1.4 700 130.431469458888
1.5 700 129.05148956675245
1.6 700 124.78652366010361
1.7 700 128.42790546811156
1.8 700 137.78909743289037
1.9 700 144.2681405487064
2.0 700 147.92031523561272
2.1 700 147.59548784355118
2.2 700 145.75017824381288
2.3 700 145.34156754159156
2.4 700 153.30371903702743
2.5 700 178.4698922853058
2.6 700 215.13210395420018
2.8 700 285.6118038211796
3.0 700 364.4067128713516
3.5 700 501.571033946191
4.0 700 623.5671002718997
