0.1 500 20.541152921794673
0.2 500 13.998655210361473
0.3 500 11.869317965597174
0.4 500 10.403105523334256
0.5 500 9.89858431890767
0.6 500 9.972654291890628
0.7 500 9.624664118865802
0.8 500 9.490401266473445
0.9 500 9.191003615023595
1.0 500 8.978948681819096
1.1 500 9.057784465783158
1.2 500 8.957303964340037
1.3 500 8.750609063087367
1.4 500 8.679465522284922
1.5 500 8.55651785371266
1.6 500 8.198611398881399
1.7 500 7.673475038495213
1.8 500 7.292917391163623
1.9 500 7.208507476441584
2.0 500 7.36375369473668
2.1 500 7.543974030383964
2.2 500 7.772391378312783
2.3 500 7.953711377669817
2.4 500 7.922965499857014
2.5 500 7.850367932337958
2.6 500 7.528195630563319
2.8 500 7.212991464974676
3.0 500 5.721793013193059
3.5 500 6.412198097954741
4.0 500 7.392919039760005
