0.1 400 40.463863006656
0.2 400 35.25025953990569
0.3 400 27.739667042737928
0.4 400 24.776580727359708
0.5 400 16.041150852205817
0.6 400 13.045401689123606
0.7 400 13.492294985293865
0.8 400 14.232363089468475
0.9 400 15.56738049785962
1.0 400 16.54802912647169
1.1 400 16.1471483446999
1.2 400 15.179412243403345
1.3 400 15.062315534144775
1.4 400 14.646725252437234
1.5 400 14.703517167279687
1.6 400 14.944180587676664
1.7 400 14.80969084564194
1.8 400 15.144782270008356
1.9 400 15.42148476579519
2.0 400 15.382921515518786
2.1 400 15.436378540169338
2.2 400 15.845895510328639
2.3 400 16.145296389974167
2.4 400 16.747679735256103
2.5 400 17.267443704168244
2.6 400 17.588654077872157
2.8 400 19.124393885293568
3.0 400 20.790369124457275
3.5 400 28.459827609737943
4.0 400 34.53000307850908
