0.1 500 15.211511622456888
0.2 500 11.643007749061816
0.3 500 10.112961071153489
0.4 500 9.885657727856579
0.5 500 9.277805542897536
0.6 500 9.159842870813092
0.7 500 8.787649246775631
0.8 500 8.860381014399971
0.9 500 8.595820813213722
1.0 500 8.51138211492034
1.1 500 8.21694871227791
1.2 500 7.49307877329535
1.3 500 7.126586002941641
1.4 500 7.198430008695318
1.5 500 7.333006151139249
1.6 500 7.510701016222618
1.7 500 7.479789480441467
1.8 500 7.352753812766569
1.9 500 6.101647325079131
2.0 500 5.59164203788195
2.1 500 5.829464759817026
2.2 500 6.181785591750628
2.3 500 6.303649554053181
2.4 500 6.8868421754036335
2.5 500 6.281347056140294
2.6 500 6.437831387496826
2.8 500 6.698612731644074
3.0 500 6.963922433470541
3.5 500 6.558614805636963
4.0 500 10.50106354158678
