0.1 300 241.8491550061614
0.2 300 118.32105552834648
0.3 300 99.17555433028151
0.4 300 96.52930647691694
0.5 300 99.7246248576015
0.6 300 106.73672532040966
0.7 300 108.29865839889209
0.8 300 105.82700451755066
0.9 300 106.5104915443117
1.0 300 108.52970447078533
1.1 300 112.0324976125169
1.2 300 118.86393495918355
1.3 300 122.05784223532406
1.4 300 132.978120284195
1.5 300 152.18084277096125
1.6 300 159.10515287213508
1.7 300 158.2125994451702
1.8 300 157.39086999427502
1.9 300 164.60765964257013
2.0 300 188.01968448510684
2.1 300 226.47578987374115
2.2 300 266.13997504184897
2.3 300 294.4988160709431
2.4 300 312.0026826159995
2.5 300 324.55799449084026
2.6 300 336.45500041189075
2.8 300 361.7954466545807
3.0 300 393.60701662741303
3.5 300 528.7503854328778
4.0 300 700.0227553562931
