0.1 500 195.53021364582887
0.2 500 88.43993047471187
0.3 500 93.02713691028316
0.4 500 101.64300640240116
0.5 500 108.71656026994313
0.6 500 109.7679724106945
0.7 500 112.33384270987568
0.8 500 119.84731377219613
0.9 500 115.34254253840061
1.0 500 114.42571618446405
1.1 500 116.79218986614232
1.2 500 120.18778165271368
1.3 500 121.44568547391532
1.4 500 120.87439203484571
1.5 500 120.30402876379557
1.6 500 126.40451788793787
1.7 500 144.05597038779322
1.8 500 152.97788439043717
1.9 500 152.13487574520573
2.0 500 149.06644930706975
2.1 500 147.76123428941915
2.2 500 153.50672230269265
2.3 500 174.74155769640814
2.4 500 213.2693971598204
2.5 500 256.6101118760354
2.6 500 292.64038864210534
2.8 500 348.2963089687587
3.0 500 390.04494179419925
3.5 500 502.68991252171753
4.0 500 630.2295628535796
