0.1 400 12.916750307488657
0.2 400 10.091630487493273
0.3 400 9.295538655900174
0.4 400 9.072568022660247
0.5 400 8.802677195227796
0.6 400 7.898438809269885
0.7 400 7.493006217658038
0.8 400 7.1514145525117785
0.9 400 6.910457138599302
1.0 400 6.555461216930739
1.1 400 6.132323671333507
1.2 400 5.629241584932863
1.3 400 5.292723213001128
1.4 400 5.07940659108491
1.5 400 4.864935737991997
1.6 400 4.700813344353895
1.7 400 4.568805690975696
1.8 400 4.49831312479982
1.9 400 4.415367630878768
2.0 400 4.358392999840108
2.1 400 4.346834494264427
2.2 400 4.429081997809719
2.3 400 4.631679401843532
2.4 400 4.653380011949328
2.5 400 4.972550278075884
2.6 400 4.930493784227513
2.8 400 4.300972558377738
3.0 400 4.322149360131237
3.5 400 6.1785843024485585
4.0 400 9.473212972573387
