0.1 400 12.45072059740667
0.2 400 9.335698069562365
0.3 400 8.882847109980215
0.4 400 8.838689647557027
0.5 400 8.682419089531056
0.6 400 7.831282772664516
0.7 400 7.457155685979222
0.8 400 7.131264721017384
0.9 400 6.896606490876767
1.0 400 6.545427818088635
1.1 400 6.125403757270023
1.2 400 5.624175203360103
1.3 400 5.289227775865468
1.4 400 5.077250268327595
1.5 400 4.863559859987419
1.6 400 4.699710570588279
1.7 400 4.567823341726905
1.8 400 4.497614780152174
1.9 400 4.414870171016763
2.0 400 4.358051845670139
2.1 400 4.346634695561602
2.2 400 4.428979514501118
2.3 400 4.631644121846272
2.4 400 4.653370996941127
2.5 400 4.972562283995674
2.6 400 4.930504515268738
2.8 400 4.300973206204671
3.0 400 4.322148262665535
3.5 400 6.1785830775003525
4.0 400 9.473212772040858
