0.1 700 52.25744817609995
0.2 700 29.810237878121313
0.3 700 16.428204802968715
0.4 700 16.050659496626242
0.5 700 12.974711202152578
0.6 700 13.508597233111713
0.7 700 13.471093969270678
0.8 700 13.65849409508339
0.9 700 13.794282739787171
1.0 700 14.567169090979975
1.1 700 15.508080953122874
1.2 700 16.067719913033734
1.3 700 16.0398905697528
1.4 700 15.634566638215587
1.5 700 15.525138713939352
1.6 700 15.593863418209443
1.7 700 15.602390072492225
1.8 700 15.452069965398266
1.9 700 15.352604277693757
2.0 700 15.047164830314705
2.1 700 14.87058163247477
2.2 700 15.272488264901593
2.3 700 15.981587799466418
2.4 700 15.799946272096175
2.5 700 16.73321777603888
2.6 700 17.950848500858843
2.8 700 21.282374639046715
3.0 700 25.788782963499827
3.5 700 46.0919699967072
4.0 700 65.69993327627004
