0.1 600 17.3767719790433
0.2 600 9.836086236353548
0.3 600 7.29502451444147
0.4 600 6.481047418906569
0.5 600 6.206744927298854
0.6 600 6.002958372300741
0.7 600 5.977363403557825
0.8 600 5.670872970320584
0.9 600 5.3875856349417015
1.0 600 5.13416214954991
1.1 600 5.172118718107927
1.2 600 5.14812453645304
1.3 600 4.914886097103891
1.4 600 4.721746648878106
1.5 600 4.646509665679006
1.6 600 4.4885708610881085
1.7 600 4.273387194652683
1.8 600 4.080314765740671
1.9 600 4.041252195341781
2.0 600 4.106803896976193
2.1 600 4.252389730256277
2.2 600 4.342040157823708
2.3 600 4.448855839548046
2.4 600 4.419573048788065
2.5 600 4.526733337473751
2.6 600 4.629689427791791
2.8 600 5.469287696302373
3.0 600 6.844490672391647
3.5 600 6.315201390119161
4.0 600 6.987234593588271
