0.1 400 12.924736960758574
0.2 400 10.090564896623716
0.3 400 9.29549447921461
0.4 400 9.072566361044707
0.5 400 8.802677098062304
0.6 400 7.898438806176791
0.7 400 7.493006217330289
0.8 400 7.151414552488901
0.9 400 6.91045713860211
1.0 400 6.5554612169163144
1.1 400 6.132323671385929
1.2 400 5.629241584925591
1.3 400 5.292723212613246
1.4 400 5.07940659108491
1.5 400 4.864935737991997
1.6 400 4.700813344353895
1.7 400 4.568805690975696
1.8 400 4.49831312479982
1.9 400 4.415367630878768
2.0 400 4.358392999840108
2.1 400 4.346834494264427
2.2 400 4.429081997809719
2.3 400 4.631679401843532
2.4 400 4.653380011949328
2.5 400 4.972550278075884
2.6 400 4.930493784227513
2.8 400 4.300972558377738
3.0 400 4.322149360131237
3.5 400 6.1785843024485585
4.0 400 9.473212972573387
