0.1 700 10.612324379700869
0.2 700 7.561239722421371
0.3 700 6.698826224023996
0.4 700 6.593833845205711
0.5 700 6.768346061707833
0.6 700 6.724957869371482
0.7 700 6.583211269873465
0.8 700 6.4471939779007705
0.9 700 6.147028163176592
1.0 700 5.980260904485128
1.1 700 5.99778829477849
1.2 700 5.8719692723633745
1.3 700 5.622993151635295
1.4 700 5.323077750577027
1.5 700 5.0628607823433756
1.6 700 4.820525827949126
1.7 700 4.645922845304223
1.8 700 4.509646352338507
1.9 700 4.395309177012208
2.0 700 4.341875612702542
2.1 700 4.3183461975511905
2.2 700 4.419388418087054
2.3 700 4.500078092372603
2.4 700 4.5956497661015625
2.5 700 4.681714299418627
2.6 700 4.590161443378057
2.8 700 4.840836688287443
3.0 700 4.989205837365689
3.5 700 5.201153640988743
4.0 700 6.062205226575016
