0.1 300 14.879477328780952
0.1 400 12.986415675511623
0.1 500 11.912454167335937
0.1 600 11.208922881277008
0.1 700 10.753803783127397
0.2 300 9.911673617876241
0.2 400 8.969374837149234
0.2 500 8.488279960172324
0.2 600 8.181097537408496
0.2 700 7.843406844398862
0.3 300 9.16131558824556
0.3 400 8.293540210126295
0.3 500 7.716174489076856
0.3 600 7.437823317203645
0.3 700 7.144736508986224
0.4 300 8.830259282774362
0.4 400 8.0806997694115
0.4 500 7.628414658962663
0.4 600 7.5013722337990965
0.4 700 7.011156314964946
0.5 300 8.39724421192192
0.5 400 8.182600963724203
0.5 500 7.531109727653753
0.5 600 7.405788260049529
0.5 700 7.164578203739887
0.6 300 8.35782593044254
0.6 400 7.492952911450295
0.6 500 7.279603352549553
0.6 600 7.247431411660382
0.6 700 7.070892340945956
0.7 300 7.780167474476932
0.7 400 7.204071004534831
0.7 500 6.928119429748794
0.7 600 6.898133368571995
0.7 700 6.857668705447145
0.8 300 7.221041093850025
0.8 400 6.9658095274914515
0.8 500 6.557430703535825
0.8 600 6.605516086706136
0.8 700 6.708133952071565
0.9 300 6.7741615439209655
0.9 400 6.772072836656599
0.9 500 6.391132098890345
0.9 600 6.269520558691679
0.9 700 6.374985425469075
1.0 300 6.459951296878159
1.0 400 6.425513225009239
1.0 500 6.326261142712479
1.0 600 6.216724878776531
1.0 700 6.17580769443122
1.1 300 6.0180464346197
1.1 400 6.026655677806183
1.1 500 6.068318466830268
1.1 600 6.164188447066389
1.1 700 6.187663406117346
1.2 300 5.603191376839169
1.2 400 5.5468275680734935
1.2 500 5.658786141008804
1.2 600 5.963176108722566
1.2 700 6.02791859561664
1.3 300 5.36654508673711
1.3 400 5.234198640303841
1.3 500 5.241359721639894
1.3 600 5.586151140664384
1.3 700 5.734216644005894
1.4 300 5.207360889156554
1.4 400 5.040331280691119
1.4 500 4.95912397073794
1.4 600 5.274201893273367
1.4 700 5.4886392111734965
1.5 300 5.095634349391851
1.5 400 4.838996148382938
1.5 500 4.7902133424159015
1.5 600 5.108204709507305
1.5 700 5.235541053759066
1.6 300 4.886685614827292
1.6 400 4.678025040280592
1.6 500 4.6478055756698
1.6 600 4.919768616192182
1.6 700 4.978336499646155
1.7 300 5.0444718305899
1.7 400 4.545077798640018
1.7 500 4.548410216715443
1.7 600 4.71489015448972
1.7 700 4.778722431460285
1.8 300 5.137559668193119
1.8 400 4.475430505760404
1.8 500 4.437177964005611
1.8 600 4.581449870006769
1.8 700 4.625031826344255
1.9 300 5.337039612602455
1.9 400 4.396024145801038
1.9 500 4.349927450837664
1.9 600 4.474127415322737
1.9 700 4.50102866375632
2.0 300 5.643794497690862
2.0 400 4.343305909882474
2.0 500 4.296468488556859
2.0 600 4.39684903518747
2.0 700 4.411858851511275
2.1 300 6.597005183897303
2.1 400 4.33642321737975
2.1 500 4.283330705365123
2.1 600 4.358447479823
2.1 700 4.387925040141184
2.2 300 6.295552523319766
2.2 400 4.423506270826139
2.2 500 4.306004726699533
2.2 600 4.423608675013078
2.2 700 4.462220367304132
2.3 300 5.636038614367549
2.3 400 4.6307696041968915
2.3 500 4.408329760958286
2.3 600 4.483873300252188
2.3 700 4.526405298687641
2.4 300 4.9719248574046775
2.4 400 4.654041681243409
2.4 500 4.657766537650491
2.4 600 4.5575583351933275
2.4 700 4.6066740991253985
2.5 300 4.5692090865999875
2.5 400 4.97590012012075
2.5 500 5.0750946091916
2.5 600 4.627271103535234
2.5 700 4.680997608293939
2.6 300 4.435243873080904
2.6 400 4.933537882498932
2.6 500 5.14909998556089
2.6 600 4.864533780049902
2.6 700 4.5951999314160705
2.8 300 4.658780072912929
2.8 400 4.301307259965586
2.8 500 5.721284350887147
2.8 600 5.490962373101235
2.8 700 4.828456722881662
3.0 300 5.258062972501032
3.0 400 4.3218070198089515
3.0 500 4.745453194751699
3.0 600 5.394136171487978
3.0 700 4.977341543633335
3.5 300 8.094920530137093
3.5 400 6.17837468778747
3.5 500 5.093543063976594
3.5 600 4.930605491769216
3.5 700 5.193784403524833
4.0 300 11.471056794508844
4.0 400 9.47316547902463
4.0 500 7.776469498112888
4.0 600 6.682893826263853
4.0 700 6.061451231382551
