0.1 600 57.32524170832009
0.2 600 61.82437479948539
0.3 600 47.654959536148546
0.4 600 34.603344010871496
0.5 600 26.698856107151617
0.6 600 23.483523860915593
0.7 600 19.490981550789257
0.8 600 17.271799129233425
0.9 600 15.830955050127356
1.0 600 16.156363729810845
1.1 600 16.09079971408226
1.2 600 16.004747067261782
1.3 600 16.329494247371027
1.4 600 16.628390683551018
1.5 600 16.820368928378375
1.6 600 16.97703392147035
1.7 600 17.29802364257911
1.8 600 17.857551246718938
1.9 600 18.462134213820825
2.0 600 18.553169687424667
2.1 600 19.826426467985797
2.2 600 20.67858923250571
2.3 600 20.67575744214787
2.4 600 20.41334146081281
2.5 600 19.598533795157532
2.6 600 19.524837914664158
2.8 600 20.653048149886583
3.0 600 21.620455930924113
3.5 600 26.779469252497506
4.0 600 35.147947476016626
