0.1 700 54.01894106912517
0.2 700 50.05599192088648
0.3 700 28.91297597033603
0.4 700 27.809298815737904
0.5 700 23.84110565531441
0.6 700 17.93247961153631
0.7 700 15.182498141297533
0.8 700 14.930575096878881
0.9 700 14.862362230997196
1.0 700 15.026041126425124
1.1 700 15.939169954869618
1.2 700 17.101650982751853
1.3 700 17.37338172038154
1.4 700 17.25094707403431
1.5 700 17.153203754609784
1.6 700 17.057368663582036
1.7 700 16.96457900307141
1.8 700 17.037908418355723
1.9 700 16.990486688661704
2.0 700 16.827190279441513
2.1 700 16.274542484662238
2.2 700 15.724102702413834
2.3 700 15.796385789896155
2.4 700 15.71182114597945
2.5 700 16.386500259818114
2.6 700 16.91398163748408
2.8 700 18.874803924795522
3.0 700 22.124970223585837
3.5 700 37.29342281674805
4.0 700 65.29839447144758
