0.1 500 20.20188426999938
0.2 500 10.937396745583532
0.3 500 9.040650181612113
0.4 500 7.519531983630988
0.5 500 6.885517315996582
0.6 500 6.731137840979436
0.7 500 6.454089242002969
0.8 500 6.353638715157733
0.9 500 6.308134222091727
1.0 500 6.142691492098551
1.1 500 5.951742681711251
1.2 500 5.714306331026934
1.3 500 5.6241034919882065
1.4 500 5.660438926110111
1.5 500 5.59134678360834
1.6 500 5.3730112575947775
1.7 500 5.1863074307952335
1.8 500 5.043032370592427
1.9 500 4.92480731266535
2.0 500 4.802065399162853
2.1 500 4.681095805567048
2.2 500 4.5660229769118725
2.3 500 4.461406138127264
2.4 500 4.376349534598858
2.5 500 4.312859602813511
2.6 500 4.240420326308073
2.8 500 4.15787159689675
3.0 500 4.196860128226302
3.5 500 5.194513776332475
4.0 500 6.179148043079926
