0.1 400 12.397215591693419
0.2 400 8.873410537497078
0.3 400 7.858155204638559
0.4 400 7.535033586419257
0.5 400 7.624597607678297
0.6 400 7.1325598901012714
0.7 400 6.8519649379452945
0.8 400 6.703376757288325
0.9 400 6.534759403454911
1.0 400 6.184446882312816
1.1 400 5.739132330163442
1.2 400 5.349487615923612
1.3 400 5.078080161601338
1.4 400 4.924534711806825
1.5 400 4.7776343059487285
1.6 400 4.608860576027197
1.7 400 4.4691308816305595
1.8 400 4.3810303124903385
1.9 400 4.30706331346184
2.0 400 4.272241215104657
2.1 400 4.284345098044847
2.2 400 4.401581104697026
2.3 400 4.643985042932076
2.4 400 4.6768769957956575
2.5 400 5.027277377904218
2.6 400 4.981118754150205
2.8 400 4.30933767501128
3.0 400 4.316903795160762
3.5 400 6.175191960041721
4.0 400 9.471168953553152
