0.1 400 12.96073253669504
0.2 400 10.081124410466566
0.3 400 9.29449109969926
0.4 400 9.072476493016696
0.5 400 8.802663512933457
0.6 400 7.8984370020013985
0.7 400 7.493005806457838
0.8 400 7.151414467779379
0.9 400 6.910457126891101
1.0 400 6.555461215719824
1.1 400 6.132323671171846
1.2 400 5.6292415849778354
1.3 400 5.292723212798473
1.4 400 5.0794065909833845
1.5 400 4.864935738276776
1.6 400 4.700813345115065
1.7 400 4.568805689571961
1.8 400 4.498313124513497
1.9 400 4.415367627919178
2.0 400 4.35839299721679
2.1 400 4.346834494264427
2.2 400 4.429081997809719
2.3 400 4.631679401843532
2.4 400 4.653380011949328
2.5 400 4.972550278075884
2.6 400 4.930493784227513
2.8 400 4.300972558377738
3.0 400 4.322149360131237
3.5 400 6.1785843024485585
4.0 400 9.473212972573387
