0.1 600 19.734344256856982
0.2 600 10.598207443493996
0.3 600 8.649385380901798
0.4 600 7.210975476929484
0.5 600 6.6682499522495124
0.6 600 6.549423117373163
0.7 600 6.381563448855959
0.8 600 6.3897516188606325
0.9 600 6.375876266621412
1.0 600 6.164994865833859
1.1 600 6.01890365669801
1.2 600 5.794114754415103
1.3 600 5.5506195726375545
1.4 600 5.5095632819313884
1.5 600 5.565296406425558
1.6 600 5.517316248151859
1.7 600 5.3681457554416045
1.8 600 5.251669931185263
1.9 600 5.108915383292556
2.0 600 5.025440017047116
2.1 600 4.830165838074039
2.2 600 4.651407039937201
2.3 600 4.572760761422843
2.4 600 4.410496016868796
2.5 600 4.339833114802518
2.6 600 4.302805467508503
2.8 600 4.217699194243856
3.0 600 4.292577092400486
3.5 600 5.170742359456219
4.0 600 5.542087917468143
