0.1 500 139.24980787446168
0.2 500 97.0337151298837
0.3 500 97.58485856257462
0.4 500 94.76478641760204
0.5 500 94.7877626128784
0.6 500 96.43064291525315
0.7 500 104.06385428097269
0.8 500 112.77896772282611
0.9 500 111.4471935806341
1.0 500 113.13038655648823
1.1 500 114.84017699708195
1.2 500 116.53188745279529
1.3 500 118.87022771033187
1.4 500 122.91443491195109
1.5 500 126.04143787925464
1.6 500 128.16899983777097
1.7 500 137.09406988142996
1.8 500 156.01617053802505
1.9 500 168.45800473473946
2.0 500 169.59593415904473
2.1 500 167.36637421908517
2.2 500 165.85755065507922
2.3 500 169.33255726639416
2.4 500 190.03071781325468
2.5 500 240.97775732923944
2.6 500 306.41833110310415
2.8 500 412.52543971590205
3.0 500 493.64807723391317
3.5 500 625.1486309055339
4.0 500 742.3576193567458
