0.1 600 11.208922881277008
0.2 600 8.181097537408496
0.3 600 7.437823317203645
0.4 600 7.5013722337990965
0.5 600 7.405788260049529
0.6 600 7.247431411660382
0.7 600 6.898133368571995
0.8 600 6.605516086706136
0.9 600 6.269520558691679
1.0 600 6.216724878776531
1.1 600 6.164188447066389
1.2 600 5.963176108722566
1.3 600 5.586151140664384
1.4 600 5.274201893273367
1.5 600 5.108204709507305
1.6 600 4.919768616192182
1.7 600 4.71489015448972
1.8 600 4.581449870006769
1.9 600 4.474127415322737
2.0 600 4.39684903518747
2.1 600 4.358447479823
2.2 600 4.423608675013078
2.3 600 4.483873300252188
2.4 600 4.5575583351933275
2.5 600 4.627271103535234
2.6 600 4.864533780049902
2.8 600 5.490962373101235
3.0 600 5.394136171487978
3.5 600 4.930605491769216
4.0 600 6.682893826263853
