0.1 600 145.33941670207201
0.2 600 88.3255778763075
0.3 600 89.50014037304362
0.4 600 91.64239360303155
0.5 600 93.9587084564443
0.6 600 97.80282540705082
0.7 600 106.55883302544866
0.8 600 118.23874760322146
0.9 600 117.63799373329036
1.0 600 117.24475472035229
1.1 600 117.5478815624796
1.2 600 118.46654874708058
1.3 600 119.49661102944191
1.4 600 120.47240450353112
1.5 600 124.30783435681725
1.6 600 126.35894559775674
1.7 600 128.9669528347961
1.8 600 139.43032442218433
1.9 600 155.12164139715128
2.0 600 163.9525291543154
2.1 600 165.76594666404392
2.2 600 165.24238382526138
2.3 600 165.33159830697434
2.4 600 170.14837182442005
2.5 600 191.16558904689504
2.6 600 239.37167188517813
2.8 600 354.46233569816576
3.0 600 459.79037902360216
3.5 600 624.5322067905535
4.0 600 741.8128093395195
