0.1 300 14.084273873284051
0.2 300 10.166440124798187
0.3 300 9.836391570882713
0.4 300 9.364000762447835
0.5 300 8.904356277969447
0.6 300 8.726110141454827
0.7 300 8.072145369286758
0.8 300 7.461248469946689
0.9 300 6.962028810187837
1.0 300 6.611295858814023
1.1 300 6.13470184447764
1.2 300 5.666777582463171
1.3 300 5.417741481869006
1.4 300 5.240219204266858
1.5 300 5.1233608115302545
1.6 300 4.912777057030701
1.7 300 5.070586286212826
1.8 300 5.15452332747006
1.9 300 5.341845660044661
2.0 300 5.638038313368374
2.1 300 6.581877170073509
2.2 300 6.280745429087025
2.3 300 5.626255446119442
2.4 300 4.9676702417123915
2.5 300 4.5682620754776195
2.6 300 4.435501896955564
2.8 300 4.659468385645172
3.0 300 5.258707012911799
3.5 300 8.095133321804632
4.0 300 11.471094950176301
