0.1 300 29.71961623868379
0.2 300 26.923960456664414
0.3 300 10.598443867371328
0.4 300 12.351278600811966
0.5 300 9.339059340058421
0.6 300 8.160827295385054
0.7 300 8.616112971114562
0.8 300 9.535113635065635
0.9 300 10.255862384215488
1.0 300 10.535808227218203
1.1 300 11.0385167360278
1.2 300 13.078428406846735
1.3 300 16.285762979967476
1.4 300 19.418161392316158
1.5 300 17.774703506690145
1.6 300 15.780897540180986
1.7 300 15.718619628194718
1.8 300 16.011018785854123
1.9 300 16.75256498476814
2.0 300 17.935704590937142
2.1 300 19.4338822110268
2.2 300 23.38858047206169
2.3 300 16.854723885007164
2.4 300 17.850290899783715
2.5 300 18.999735165518246
2.6 300 21.249378381834074
2.8 300 26.37869924779849
3.0 300 34.377722642543134
3.5 300 50.61121199173182
4.0 300 63.17370578467723
