0.1 500 54.79366820431237
0.2 500 57.213328263981104
0.3 500 44.39308113679719
0.4 500 27.420001128738306
0.5 500 27.813305121687176
0.6 500 20.993921020248788
0.7 500 19.211380677407032
0.8 500 17.17437095215612
0.9 500 16.37499129546365
1.0 500 15.957989588373273
1.1 500 15.450732320961022
1.2 500 15.046946428129916
1.3 500 15.034429836027432
1.4 500 15.211137557735887
1.5 500 16.02430681270507
1.6 500 17.130806968703244
1.7 500 17.09942068791786
1.8 500 16.524240719713276
1.9 500 16.46578146272385
2.0 500 16.509384715345735
2.1 500 16.38033298703187
2.2 500 16.260660130225705
2.3 500 16.357678988884967
2.4 500 16.500288585154564
2.5 500 16.983803315701792
2.6 500 17.704891984499785
2.8 500 19.721231491637273
3.0 500 22.51766640583016
3.5 500 34.423918889483936
4.0 500 56.729026800996444
