0.1 300 254.95875154947237
0.1 400 152.39947362101486
0.1 500 139.24980787446168
0.1 600 117.49774645045538
0.1 700 105.90907307454532
0.2 300 113.5672759442338
0.2 400 105.53615464901652
0.2 500 97.0337151298837
0.2 600 94.20022649314384
0.2 700 93.9954492107685
0.3 300 101.84447136057285
0.3 400 97.89726603528652
0.3 500 97.58485856257462
0.3 600 91.72410914594597
0.3 700 92.04947941128378
0.4 300 100.25834493419684
0.4 400 97.30110197154727
0.4 500 94.76478641760204
0.4 600 92.02543788847731
0.4 700 92.49237255116066
0.5 300 105.77238900572954
0.5 400 96.78957190382133
0.5 500 94.7877626128784
0.5 600 94.11648832002163
0.5 700 92.97148720564554
0.6 300 105.62858009119189
0.6 400 101.52282098443798
0.6 500 96.43064291525315
0.6 600 97.83405986412477
0.6 700 97.56150099716099
0.7 300 106.43647786909148
0.7 400 108.45805490190452
0.7 500 104.06385428097269
0.7 600 106.56189046808201
0.7 700 104.54071399760493
0.8 300 107.61925858560525
0.8 400 113.53292206915344
0.8 500 112.77896772282611
0.8 600 118.23847104581405
0.8 700 112.69769135824619
0.9 300 109.97289415582289
0.9 400 111.90306425781867
0.9 500 111.4471935806341
0.9 600 117.63914228843478
0.9 700 117.16855171485695
1.0 300 112.90614282192554
1.0 400 112.8847202473145
1.0 500 113.13038655648823
1.0 600 117.24498759426831
1.0 700 117.81513998576445
1.1 300 117.15076873137205
1.1 400 114.62243545244954
1.1 500 114.84017699708195
1.1 600 117.54792084154467
1.1 700 117.71141829133988
1.2 300 122.08031401597508
1.2 400 117.79718728824682
1.2 500 116.53188745279529
1.2 600 118.46655327556773
1.2 700 118.33474082639592
1.3 300 127.29829547213845
1.3 400 122.15602467028194
1.3 500 118.87022771033187
1.3 600 119.49661653528942
1.3 700 119.21531525145147
1.4 300 133.73577635061758
1.4 400 126.1224383309296
1.4 500 122.91443491195109
1.4 600 120.47231231518964
1.4 700 119.64801574452967
1.5 300 149.54805141603998
1.5 400 128.97375301523934
1.5 500 126.04143787925464
1.5 600 124.30787079010474
1.5 700 122.44060145344919
1.6 300 173.03190500716337
1.6 400 135.74366548719667
1.6 500 128.16899983777097
1.6 600 126.35900360645732
1.6 700 125.5368561335471
1.7 300 181.6812427741658
1.7 400 152.71102330322762
1.7 500 137.09406988142996
1.7 600 128.96703002948675
1.7 700 127.50989638780223
1.8 300 179.30250932774882
1.8 400 169.84505198330532
1.8 500 156.01617053802505
1.8 600 139.4305012449567
1.8 700 134.19557405747256
1.9 300 175.9887350945842
1.9 400 173.02177791754303
1.9 500 168.45800473473946
1.9 600 155.1215724902609
1.9 700 148.5675262027218
2.0 300 179.79750171810468
2.0 400 170.4882302712601
2.0 500 169.59593415904473
2.0 600 163.95262091095012
2.0 700 159.94413621919313
2.1 300 206.0522966889059
2.1 400 168.7161446954415
2.1 500 167.36637421908517
2.1 600 165.76578687299525
2.1 700 164.10747331819368
2.2 300 261.5303765879518
2.2 400 175.59325715311704
2.2 500 165.85755065507922
2.2 600 165.24243698184617
2.2 700 164.63347817523058
2.3 300 323.36243596477834
2.3 400 208.12017039433636
2.3 500 169.33255726639416
2.3 600 165.33184243185218
2.3 700 164.63500004209627
2.4 300 370.6233237226633
2.4 400 269.72516015097085
2.4 500 190.03071781325468
2.4 600 170.14838459022323
2.4 700 165.94123825642947
2.5 300 403.07051240436965
2.5 400 334.0336874160146
2.5 500 240.97775732923944
2.5 600 191.16581402247047
2.5 700 172.67168576458963
2.6 300 427.4645391608902
2.6 400 383.82723284077633
2.6 500 306.41833110310415
2.6 600 239.37193881444068
2.6 700 197.171470447913
2.8 300 468.0102486418043
2.8 400 454.42727949605006
2.8 500 412.52543971590205
2.8 600 354.4623750364394
2.8 700 303.1987927737051
3.0 300 508.70200144365606
3.0 400 505.789958547826
3.0 500 493.64807723391317
3.0 600 459.7903800817913
3.0 700 408.65876043737484
3.5 300 626.4789461969481
3.5 400 625.3395735185761
3.5 500 625.1486309055339
3.5 600 624.5322067905535
3.5 700 623.0280254103099
4.0 300 773.7451560294888
4.0 400 744.2493601020456
4.0 500 742.3576193567458
4.0 600 741.8128093395195
4.0 700 741.7823776261774
