0.1 600 284.07577578373946
0.2 600 107.8673881761274
0.3 600 89.84603315515781
0.4 600 89.46822024956825
0.5 600 90.45872458245957
0.6 600 93.83326826965762
0.7 600 102.87095723363666
0.8 600 114.94103275139408
0.9 600 118.00326368924843
1.0 600 117.61762574475635
1.1 600 118.01071767436335
1.2 600 118.50557377182808
1.3 600 119.6073905064577
1.4 600 120.07968562979286
1.5 600 124.1019787766099
1.6 600 126.75800145814065
1.7 600 128.6868724592657
1.8 600 136.99561656720041
1.9 600 152.29027673085392
2.0 600 162.25966298288128
2.1 600 164.9457015919745
2.2 600 165.12668971030175
2.3 600 165.78367607148527
2.4 600 170.65987454422137
2.5 600 190.49024225176976
2.6 600 237.00050326963927
2.8 600 352.2762432767914
3.0 600 461.39969644892557
3.5 600 627.854111637322
4.0 600 743.300185750863
