0.1 300 16.766266217157334
0.1 400 14.98292280019427
0.1 500 13.747269042195828
0.1 600 12.706684996235413
0.1 700 11.955585061298258
0.2 300 10.086821717798218
0.2 400 9.1771966693532
0.2 500 8.693266228668357
0.2 600 8.318500460498942
0.2 700 7.871601210268937
0.3 300 8.530435495867659
0.3 400 7.849994423998054
0.3 500 7.336442963829123
0.3 600 7.084103405776486
0.3 700 6.729894770285097
0.4 300 8.35372622720942
0.4 400 7.394055314712504
0.4 500 7.0851085370775655
0.4 600 6.8847447420429715
0.4 700 6.49127091384157
0.5 300 7.6623868624467555
0.5 400 7.3821692047597205
0.5 500 6.860399923792621
0.5 600 6.785714320699049
0.5 700 6.6447478435951846
0.6 300 7.577047363426876
0.6 400 6.983820514401033
0.6 500 6.766234485293561
0.6 600 6.766286823030631
0.6 700 6.55003506326639
0.7 300 7.186946262833574
0.7 400 6.671991521370423
0.7 500 6.498712939319222
0.7 600 6.50770094956361
0.7 700 6.478601297643252
0.8 300 6.7018058825477045
0.8 400 6.511723540620776
0.8 500 6.1849287266842286
0.8 600 6.245039511160477
0.8 700 6.325308737603612
0.9 300 6.321763229124171
0.9 400 6.391535682559689
0.9 500 6.038321787787198
0.9 600 5.928784967310106
0.9 700 6.06555559903718
1.0 300 6.044111192622452
1.0 400 6.089772611095219
1.0 500 6.019356320333043
1.0 600 5.914790859845289
1.0 700 5.878334606794236
1.1 300 5.66629180100533
1.1 400 5.658286518849815
1.1 500 5.756247727314416
1.1 600 5.867899009568242
1.1 700 5.913043315663189
1.2 300 5.344975124189042
1.2 400 5.289311224101216
1.2 500 5.42617317335004
1.2 600 5.692531987347206
1.2 700 5.789193437506523
1.3 300 5.190297314994735
1.3 400 5.077936056078373
1.3 500 5.1076140802755425
1.3 600 5.4268927335652295
1.3 700 5.564244658375154
1.4 300 5.082437647007682
1.4 400 4.891528979342357
1.4 500 4.878440245512946
1.4 600 5.1448466478096035
1.4 700 5.2974976360641834
1.5 300 4.981158314818872
1.5 400 4.753985030286893
1.5 500 4.719873085022557
1.5 600 4.940368691026552
1.5 700 5.050817139299369
1.6 300 4.812985906683367
1.6 400 4.605263627922633
1.6 500 4.59940941550077
1.6 600 4.78337988811872
1.6 700 4.817872855684164
1.7 300 4.728081063560438
1.7 400 4.467148145238163
1.7 500 4.470710872093578
1.7 600 4.606608560071504
1.7 700 4.652541156157609
1.8 300 4.727322478969836
1.8 400 4.380201366314531
1.8 500 4.355660547470181
1.8 600 4.483284086007268
1.8 700 4.521423526883337
1.9 300 5.108092276311458
1.9 400 4.312192194813267
1.9 500 4.270432069434796
1.9 600 4.380766015164967
1.9 700 4.41217946666934
2.0 300 5.825162699210212
2.0 400 4.285882517374881
2.0 500 4.227025414893371
2.0 600 4.311227885273155
2.0 700 4.360487139608424
2.1 300 6.872295653685748
2.1 400 4.299368879640699
2.1 500 4.230537533720409
2.1 600 4.301979679641418
2.1 700 4.334901556703931
2.2 300 6.543224338167394
2.2 400 4.421023923732206
2.2 500 4.3185417295366
2.2 600 4.396811598816038
2.2 700 4.437444144851388
2.3 300 5.803765464365593
2.3 400 4.666852512054364
2.3 500 4.568002979629481
2.3 600 4.622787901795135
2.3 700 4.515941833799442
2.4 300 5.05163833288606
2.4 400 4.694868062337641
2.4 500 4.689783255198862
2.4 600 4.981762303557158
2.4 700 4.608910571828568
2.5 300 4.592704320033669
2.5 400 5.0460895206694
2.5 500 5.13828825841065
2.5 600 4.637349553570538
2.5 700 4.692010894846148
2.6 300 4.4361258343397365
2.6 400 4.994351707202592
2.6 500 5.2074721017075225
2.6 600 4.8956702206881815
2.6 700 4.595509306597024
2.8 300 4.648956746727618
2.8 400 4.3122084343029226
2.8 500 5.786095250925739
2.8 600 5.557444555781166
2.8 700 4.844783502130177
3.0 300 5.248079039446547
3.0 400 4.318460635182188
3.0 500 4.769857313608625
3.0 600 5.43160178313482
3.0 700 4.993706135775895
3.5 300 8.091352917244272
3.5 400 6.177552469205522
3.5 500 5.092779763028959
3.5 600 4.935859554809718
3.5 700 5.209108611716943
4.0 300 11.468801076841713
4.0 400 9.472200279026833
4.0 500 7.776648046991081
4.0 600 6.684751388569876
4.0 700 6.063719908850261
