0.1 700 10.771053320534724
0.2 700 9.12378556323479
0.3 700 8.436072615778759
0.4 700 7.923410380636377
0.5 700 7.777061008209515
0.6 700 7.5005906787504575
0.7 700 7.1086608571660985
0.8 700 6.917681117474245
0.9 700 6.525809867404029
1.0 700 6.28481592896707
1.1 700 6.2730721454804526
1.2 700 6.1071158365331755
1.3 700 5.803628680704772
1.4 700 5.5499507856279555
1.5 700 5.288495454584122
1.6 700 5.021461720502782
1.7 700 4.81403730481834
1.8 700 4.655350998075685
1.9 700 4.527959793882807
2.0 700 4.434138058725448
2.1 700 4.404264673113498
2.2 700 4.472619259878525
2.3 700 4.532898539007526
2.4 700 4.610255891561467
2.5 700 4.682647468718529
2.6 700 4.596595468414249
2.8 700 4.828265638203711
3.0 700 4.9771414138355965
3.5 700 5.193890532065134
4.0 700 6.061467907369914
