0.1 300 362.4887292211262
0.2 300 172.18848997693405
0.3 300 101.91301993325447
0.4 300 93.44544257625002
0.5 300 90.94777335003047
0.6 300 96.42613582987843
0.7 300 101.94675631773765
0.8 300 103.7811044045452
0.9 300 105.22544592281182
1.0 300 106.16571926856506
1.1 300 106.99224555984253
1.2 300 108.20002433859959
1.3 300 110.28495627049021
1.4 300 112.43387649627577
1.5 300 114.90732803028959
1.6 300 118.05950225643092
1.7 300 121.52839473645707
1.8 300 125.39886924439014
1.9 300 128.69503863221672
2.0 300 133.72895515460544
2.1 300 143.45049461971632
2.2 300 159.2560600648184
2.3 300 174.76532565624572
2.4 300 181.2828892542542
2.5 300 181.0650506977088
2.6 300 178.5016084014417
2.8 300 176.61930627493075
3.0 300 206.052141817131
3.5 300 388.2539642306351
4.0 300 468.0102543640765
