0.1 700 10.685446153166609
0.2 700 9.11446502967176
0.3 700 8.435333324633964
0.4 700 7.923310725753265
0.5 700 7.777049783960503
0.6 700 7.500588847903739
0.7 700 7.108660521878395
0.8 700 6.917681064925538
0.9 700 6.5258098567487535
1.0 700 6.284815927288022
1.1 700 6.273072145186769
1.2 700 6.107115836503169
1.3 700 5.803628680651976
1.4 700 5.549950785790335
1.5 700 5.288495454613474
1.6 700 5.0214617206018675
1.7 700 4.814037303499327
1.8 700 4.655350997053552
1.9 700 4.527959792790406
2.0 700 4.434138050176695
2.1 700 4.404264673113498
2.2 700 4.472619259878525
2.3 700 4.532898539007526
2.4 700 4.610255891561467
2.5 700 4.682647468718529
2.6 700 4.596595468414249
2.8 700 4.828265638203711
3.0 700 4.9771414138355965
3.5 700 5.193890532065134
4.0 700 6.061467907369914
