0.1 700 201.58471641733536
0.2 700 93.60401270918128
0.3 700 91.82264688752342
0.4 700 92.41377653369297
0.5 700 90.95114022427947
0.6 700 96.29430152857708
0.7 700 105.40987460581108
0.8 700 113.32090761643813
0.9 700 117.29903557162513
1.0 700 117.37075000929285
1.1 700 117.57245346619332
1.2 700 118.31773691080636
1.3 700 119.24094873627307
1.4 700 119.67511238812867
1.5 700 122.48668223156673
1.6 700 125.58147369417269
1.7 700 127.53892404804827
1.8 700 134.19321158318292
1.9 700 148.54703353634008
2.0 700 159.92909570768725
2.1 700 164.09970582110444
2.2 700 164.63322967147624
2.3 700 164.63989925280302
2.4 700 165.94940934462093
2.5 700 172.67858525149018
2.6 700 197.1751279976143
2.8 700 303.1965420762506
3.0 700 408.6590705515455
3.5 700 623.0296631534867
4.0 700 741.783382205557
