0.1 500 11.617207186467015
0.2 500 8.291809033397778
0.3 500 7.255834742384729
0.4 500 7.163432049044185
0.5 500 7.0371547452462755
0.6 500 6.905017427735341
0.7 500 6.637349788253292
0.8 500 6.304124897317247
0.9 500 6.181964498201552
1.0 500 6.1324703358779145
1.1 500 5.857919941797454
1.2 500 5.48298328949096
1.3 500 5.132096838746043
1.4 500 4.88470754987183
1.5 500 4.71847541333764
1.6 500 4.599768232350038
1.7 500 4.466538113253543
1.8 500 4.3473752250086894
1.9 500 4.259285062843085
2.0 500 4.213915119243146
2.1 500 4.216177930127764
2.2 500 4.298870823342329
2.3 500 4.388154182836732
2.4 500 4.667193461022835
2.5 500 5.112320416395981
2.6 500 5.186825722965743
2.8 500 5.768374168061823
3.0 500 4.763220389109737
3.5 500 5.089113340229435
4.0 500 7.776240260861622
