0.1 600 57.1842013270837
0.2 600 62.23991003179188
0.3 600 49.49622052588555
0.4 600 34.19011813312772
0.5 600 29.38374122301683
0.6 600 22.987451698824124
0.7 600 21.867069295271072
0.8 600 20.0006719989714
0.9 600 17.95660347737938
1.0 600 17.985148017457217
1.1 600 18.301272899128076
1.2 600 18.12426394949655
1.3 600 17.75594430387985
1.4 600 17.451313763212298
1.5 600 17.50439286461831
1.6 600 17.72051083318153
1.7 600 17.843911058254385
1.8 600 18.045983373230825
1.9 600 18.419841635619637
2.0 600 19.1353973851804
2.1 600 20.06342310172684
2.2 600 21.049870530197357
2.3 600 21.982737520141637
2.4 600 22.74679853963277
2.5 600 20.763306972977688
2.6 600 21.08671012272154
2.8 600 21.70968537591076
3.0 600 22.988310103775945
3.5 600 28.31949107258259
4.0 600 34.03982292324221
