0.1 300 385.19609429124466
0.2 300 159.15902359693465
0.3 300 100.99057743485399
0.4 300 87.05672221670551
0.5 300 91.7956889327884
0.6 300 100.1055335662626
0.7 300 106.06183815763575
0.8 300 109.02276478295563
0.9 300 111.41612559161094
1.0 300 113.41658033304424
1.1 300 116.69597922168658
1.2 300 120.87186314951059
1.3 300 126.0899332155462
1.4 300 130.1911836721406
1.5 300 140.3312084609234
1.6 300 162.7134045508953
1.7 300 175.24617225319042
1.8 300 174.99949047189267
1.9 300 172.7904106522681
2.0 300 176.23885295121906
2.1 300 200.29810256795486
2.2 300 254.88678619525382
2.3 300 319.03778949634057
2.4 300 369.9445602676867
2.5 300 405.6733882707995
2.6 300 432.24528042277404
2.8 300 474.05419424547273
3.0 300 514.286933848329
3.5 300 629.8406586754678
4.0 300 774.8295278271537
