0.1 300 14.084273873284051
0.1 400 12.45072059740667
0.1 500 11.589565884776889
0.1 600 10.956604225181891
0.1 700 10.542278076854807
0.2 300 10.166440124798187
0.2 400 9.335698069562365
0.2 500 8.963112784840686
0.2 600 8.68201450991284
0.2 700 8.40054628660894
0.3 300 9.836391570882713
0.3 400 8.882847109980215
0.3 500 8.394883993167626
0.3 600 8.066237137731632
0.3 700 7.88335743896114
0.4 300 9.364000762447835
0.4 400 8.838689647557027
0.4 500 8.312962765012875
0.4 600 8.12923877941192
0.4 700 7.640500968732444
0.5 300 8.904356277969447
0.5 400 8.682419089531056
0.5 500 8.062209933426551
0.5 600 7.925200425884417
0.5 700 7.635811080982327
0.6 300 8.726110141454827
0.6 400 7.831282772664516
0.6 500 7.618793121187775
0.6 600 7.591473127230399
0.6 700 7.428682087359032
0.7 300 8.072145369286758
0.7 400 7.457155685979222
0.7 500 7.158367091495446
0.7 600 7.125758647646185
0.7 700 7.075871265675254
0.8 300 7.461248469946689
0.8 400 7.131264721017384
0.8 500 6.72127379951949
0.8 600 6.780957939576267
0.8 700 6.896532681676932
0.9 300 6.962028810187837
0.9 400 6.896606490876767
0.9 500 6.5066917847696
0.9 600 6.407314981206128
0.9 700 6.51226321850853
1.0 300 6.611295858814023
1.0 400 6.545427818088635
1.0 500 6.427361038422798
1.0 600 6.310456147873628
1.0 700 6.276703848146147
1.1 300 6.13470184447764
1.1 400 6.125403757270023
1.1 500 6.160259174235361
1.1 600 6.278377506326081
1.1 700 6.267395666169919
1.2 300 5.666777582463171
1.2 400 5.624175203360103
1.2 500 5.725776721172463
1.2 600 6.038569141779547
1.2 700 6.102255928735809
1.3 300 5.417741481869006
1.3 400 5.289227775865468
1.3 500 5.285389622224939
1.3 600 5.647690361124734
1.3 700 5.799311981765775
1.4 300 5.240219204266858
1.4 400 5.077250268327595
1.4 500 4.98984240981605
1.4 600 5.326286311735565
1.4 700 5.5462646229071595
1.5 300 5.1233608115302545
1.5 400 4.863559859987419
1.5 500 4.81559414763634
1.5 600 5.14806828333259
1.5 700 5.285651270806175
1.6 300 4.912777057030701
1.6 400 4.699710570588279
1.6 500 4.671291676033285
1.6 600 4.950218308514951
1.6 700 5.019383237999351
1.7 300 5.070586286212826
1.7 400 4.567823341726905
1.7 500 4.572104801987272
1.7 600 4.741106146433845
1.7 700 4.812530904382491
1.8 300 5.15452332747006
1.8 400 4.497614780152174
1.8 500 4.460579785618999
1.8 600 4.60611526926989
1.8 700 4.6542654060359
1.9 300 5.341845660044661
1.9 400 4.414870171016763
1.9 500 4.371114151184619
1.9 600 4.496988622284262
1.9 700 4.5271812986427395
2.0 300 5.638038313368374
2.0 400 4.358051845670139
2.0 500 4.313824856036703
2.0 600 4.405347746047579
2.0 700 4.4336108540521835
2.1 300 6.581877170073509
2.1 400 4.346634695561602
2.1 500 4.296179167143427
2.1 600 4.373745318457332
2.1 700 4.403946670013491
2.2 300 6.280745429087025
2.2 400 4.428979514501118
2.2 500 4.314619105789787
2.2 600 4.433678490466617
2.2 700 4.472443015114061
2.3 300 5.626255446119442
2.3 400 4.631644121846272
2.3 500 4.412876865752496
2.3 600 4.490113818273906
2.3 700 4.53280347425049
2.4 300 4.9676702417123915
2.4 400 4.653370996941127
2.4 500 4.658829749849617
2.4 600 4.56100993303914
2.4 700 4.61020713306975
2.5 300 4.5682620754776195
2.5 400 4.972562283995674
2.5 500 5.073565058828285
2.5 600 4.628921475122865
2.5 700 4.682623988769168
2.6 300 4.435501896955564
2.6 400 4.930504515268738
2.6 500 5.147354556779801
2.6 600 4.864226078118086
2.6 700 4.596582072701405
2.8 300 4.659468385645172
2.8 400 4.300973206204671
2.8 500 5.719213149275758
2.8 600 5.488553851694725
2.8 700 4.828260879204519
3.0 300 5.258707012911799
3.0 400 4.322148262665535
3.0 500 4.744854989130694
3.0 600 5.393276294194269
3.0 700 4.977138848273096
3.5 300 8.095133321804632
3.5 400 6.1785830775003525
3.5 500 5.093830114223136
3.5 600 4.93088277544988
3.5 700 5.1938757085496725
4.0 300 11.471094950176301
4.0 400 9.473212772040858
4.0 500 7.776482329824584
4.0 600 6.682885742674767
4.0 700 6.061451106246243
