0.1 700 24.43489032477014
0.2 700 12.182434086687694
0.3 700 8.800218001163286
0.4 700 10.038275922612415
0.5 700 12.22844741839858
0.6 700 13.01671138267546
0.7 700 13.475232777025791
0.8 700 13.69626799900774
0.9 700 13.897908484095689
1.0 700 14.360765584242904
1.1 700 15.000972542582849
1.2 700 15.736889216914507
1.3 700 15.896402791373422
1.4 700 15.61552352548537
1.5 700 15.402004447200117
1.6 700 15.40316614747226
1.7 700 15.312792166187071
1.8 700 15.552817259235745
1.9 700 15.640690881851897
2.0 700 15.446804540268507
2.1 700 15.316273219165502
2.2 700 15.300262384720721
2.3 700 16.019441599221757
2.4 700 15.865011387532588
2.5 700 16.779671295263746
2.6 700 18.00709721252996
2.8 700 21.00988425229747
3.0 700 25.67708291728672
3.5 700 45.39866905745424
4.0 700 65.39205191382626
