0.1 500 17.729979415345074
0.2 500 10.084471253404482
0.3 500 7.6026106459996745
0.4 500 6.657778358929315
0.5 500 6.277946397016149
0.6 500 6.008033513885536
0.7 500 5.839718047668603
0.8 500 5.615387569211066
0.9 500 5.316520586556042
1.0 500 5.245509722771102
1.1 500 5.2217872032907
1.2 500 4.981782163171542
1.3 500 4.696007908860477
1.4 500 4.678833552509701
1.5 500 4.635237459052515
1.6 500 4.438846183192109
1.7 500 4.1904699432421415
1.8 500 4.065716466269573
1.9 500 4.020756888678811
2.0 500 4.019096925808394
2.1 500 4.037025365656378
2.2 500 4.082426554924418
2.3 500 4.248993081641106
2.4 500 4.345541350567848
2.5 500 4.422749578677929
2.6 500 4.78870507321505
2.8 500 5.350583381092822
3.0 500 6.070670807704581
3.5 500 6.011898152330971
4.0 500 7.6739311845894145
