0.1 500 56.889353529427
0.2 500 61.221272204141414
0.3 500 53.36895895343758
0.4 500 38.037201446406115
0.5 500 29.357357668095418
0.6 500 28.22005744875851
0.7 500 24.476378354059946
0.8 500 22.388540109104778
0.9 500 21.809181234389577
1.0 500 20.896394734413104
1.1 500 20.162221805038094
1.2 500 19.46695293260677
1.3 500 18.383055390920795
1.4 500 17.267111381752304
1.5 500 16.783963522818098
1.6 500 16.575611442557943
1.7 500 16.55320805275396
1.8 500 16.606675845801394
1.9 500 16.82845809790982
2.0 500 17.600359159802572
2.1 500 17.46870275829148
2.2 500 18.653960253048087
2.3 500 19.45956893173754
2.4 500 19.67254534340382
2.5 500 20.530785193739483
2.6 500 20.914247416052696
2.8 500 22.191634430629332
3.0 500 24.364226281131387
3.5 500 29.9403815691032
4.0 500 35.26202612145323
