0.1 700 117.5269612770661
0.2 700 94.3304975714211
0.3 700 92.06544599992432
0.4 700 92.49321531629596
0.5 700 92.97156439841115
0.6 700 97.56150728459137
0.7 700 104.54071416704501
0.8 700 112.69769137532653
0.9 700 117.16855170322562
1.0 700 117.81513999059686
1.1 700 117.71141811762357
1.2 700 118.33474159385383
1.3 700 119.21530853742783
1.4 700 119.64801581914242
1.5 700 122.44060145344919
1.6 700 125.5368561335471
1.7 700 127.50989638780223
1.8 700 134.19557405747256
1.9 700 148.5675262027218
2.0 700 159.94413621919313
2.1 700 164.10747331819368
2.2 700 164.63347817523058
2.3 700 164.63500004209627
2.4 700 165.94123825642947
2.5 700 172.67168576458963
2.6 700 197.171470447913
2.8 700 303.1987927737051
3.0 700 408.65876043737484
3.5 700 623.0280254103099
4.0 700 741.7823776261774
