0.1 300 14.653454349219254
0.2 300 10.69574565566591
0.3 300 10.140213241019351
0.4 300 9.590533849670164
0.5 300 9.010831704958067
0.6 300 8.783891715612747
0.7 300 8.115380660617047
0.8 300 7.471315938596299
0.9 300 6.980768245405635
1.0 300 6.624064037559828
1.1 300 6.143200429709125
1.2 300 5.672360157783611
1.3 300 5.420690086369856
1.4 300 5.241977699961018
1.5 300 5.1250204221005164
1.6 300 4.914160165907089
1.7 300 5.072070656471865
1.8 300 5.15553712871914
1.9 300 5.34239359792131
2.0 300 5.638261805094968
2.1 300 6.58193751004584
2.2 300 6.280713495151633
2.3 300 5.6262185881097855
2.4 300 4.967653982707676
2.5 300 4.56825941208714
2.6 300 4.435502743866025
2.8 300 4.659469857742611
3.0 300 5.258708816790278
3.5 300 8.09513349262453
4.0 300 11.471095147261742
