0.1 400 35.06976249329973
0.2 400 13.82767784436316
0.3 400 11.083131169694784
0.4 400 8.259497334925094
0.5 400 8.419780248457576
0.6 400 9.05944948705266
0.7 400 9.581940509894908
0.8 400 10.043235986497663
0.9 400 10.889442944747556
1.0 400 12.173980902142869
1.1 400 13.184175415380622
1.2 400 13.642018863994423
1.3 400 14.048100562937655
1.4 400 15.097395676154624
1.5 400 17.340847182752146
1.6 400 19.756393619065648
1.7 400 20.48232077148609
1.8 400 18.47565083801852
1.9 400 18.77740614686369
2.0 400 17.922073894399198
2.1 400 17.54171178503363
2.2 400 15.673193684482243
2.3 400 16.47136421589882
2.4 400 17.452647801249764
2.5 400 18.697273079841732
2.6 400 19.954295447426404
2.8 400 23.83602361569282
3.0 400 29.726789935324376
3.5 400 49.82488708185064
4.0 400 68.99822631978857
