0.1 500 58.020640674869206
0.2 500 53.72950163111747
0.3 500 47.59922409071845
0.4 500 38.39302537327619
0.5 500 24.810758455164397
0.6 500 21.553125295323294
0.7 500 19.595968173893283
0.8 500 18.216835286991316
0.9 500 16.646723569119228
1.0 500 15.754288200749885
1.1 500 15.605299482330773
1.2 500 15.479462359313708
1.3 500 15.141421558066956
1.4 500 14.73429171031572
1.5 500 14.652665195678749
1.6 500 15.031938783202863
1.7 500 15.807845102910765
1.8 500 16.677184373017223
1.9 500 17.341335630849564
2.0 500 17.826858953753785
2.1 500 17.549364845402895
2.2 500 17.39311650411249
2.3 500 17.532486175658114
2.4 500 17.914468992107366
2.5 500 18.379897917013704
2.6 500 18.886258657215727
2.8 500 20.006712197644156
3.0 500 21.47362817867889
3.5 500 27.660364213765853
4.0 500 38.33232361928022
