0.1 700 54.56651606690688
0.2 700 46.43769760979447
0.3 700 21.129775622562008
0.4 700 22.503411256185107
0.5 700 17.40530624290297
0.6 700 14.362242225926662
0.7 700 14.302479153400322
0.8 700 14.058886051606514
0.9 700 14.054069876288754
1.0 700 14.762298971648354
1.1 700 16.0523538175895
1.2 700 16.802053512683404
1.3 700 16.962500096573443
1.4 700 16.718141044776182
1.5 700 16.312644763339758
1.6 700 16.179896069043846
1.7 700 16.10723147596069
1.8 700 16.05196130411347
1.9 700 15.892626996541528
2.0 700 15.662972340040797
2.1 700 14.898398751724034
2.2 700 14.747070174472523
2.3 700 15.234836528065191
2.4 700 15.498411401332302
2.5 700 16.335604408634143
2.6 700 17.323083414163897
2.8 700 20.46054392153315
3.0 700 24.70794288363573
3.5 700 45.78443581876103
4.0 700 61.34430143841884
