0.1 400 12.986415675511623
0.2 400 8.969374837149234
0.3 400 8.293540210126295
0.4 400 8.0806997694115
0.5 400 8.182600963724203
0.6 400 7.492952911450295
0.7 400 7.204071004534831
0.8 400 6.9658095274914515
0.9 400 6.772072836656599
1.0 400 6.425513225009239
1.1 400 6.026655677806183
1.2 400 5.5468275680734935
1.3 400 5.234198640303841
1.4 400 5.040331280691119
1.5 400 4.838996148382938
1.6 400 4.678025040280592
1.7 400 4.545077798640018
1.8 400 4.475430505760404
1.9 400 4.396024145801038
2.0 400 4.343305909882474
2.1 400 4.33642321737975
2.2 400 4.423506270826139
2.3 400 4.6307696041968915
2.4 400 4.654041681243409
2.5 400 4.97590012012075
2.6 400 4.933537882498932
2.8 400 4.301307259965586
3.0 400 4.3218070198089515
3.5 400 6.17837468778747
4.0 400 9.47316547902463
