0.1 300 16.766266217157334
0.2 300 10.086821717798218
0.3 300 8.530435495867659
0.4 300 8.35372622720942
0.5 300 7.6623868624467555
0.6 300 7.577047363426876
0.7 300 7.186946262833574
0.8 300 6.7018058825477045
0.9 300 6.321763229124171
1.0 300 6.044111192622452
1.1 300 5.66629180100533
1.2 300 5.344975124189042
1.3 300 5.190297314994735
1.4 300 5.082437647007682
1.5 300 4.981158314818872
1.6 300 4.812985906683367
1.7 300 4.728081063560438
1.8 300 4.727322478969836
1.9 300 5.108092276311458
2.0 300 5.825162699210212
2.1 300 6.872295653685748
2.2 300 6.543224338167394
2.3 300 5.803765464365593
2.4 300 5.05163833288606
2.5 300 4.592704320033669
2.6 300 4.4361258343397365
2.8 300 4.648956746727618
3.0 300 5.248079039446547
3.5 300 8.091352917244272
4.0 300 11.468801076841713
