0.1 500 20.199370759839205
0.2 500 10.931910065032383
0.3 500 8.775312137831921
0.4 500 7.342239422740372
0.5 500 6.710822155905396
0.6 500 6.209425714921991
0.7 500 6.037230232534528
0.8 500 5.794322635571848
0.9 500 5.494091356570321
1.0 500 5.2534242561492155
1.1 500 5.16023564839313
1.2 500 5.041798955822709
1.3 500 4.80959622296355
1.4 500 4.6035031373156015
1.5 500 4.5907787757417085
1.6 500 4.501625284443789
1.7 500 4.310881952396059
1.8 500 4.138614013067401
1.9 500 4.028198828453991
2.0 500 4.009560935634041
2.1 500 4.006952888972672
2.2 500 4.039035585584981
2.3 500 4.202616052894846
2.4 500 4.578616875412124
2.5 500 4.74875218831173
2.6 500 4.882702564090702
2.8 500 5.599670358566434
3.0 500 6.4513189043609955
3.5 500 6.03033906187995
4.0 500 7.265657703840322
