0.1 300 19.858977015251263
0.1 400 18.646609220147866
0.1 500 17.729979415345074
0.1 600 17.3767719790433
0.1 700 16.832890887717184
0.2 300 10.850478820617809
0.2 400 10.277585974004507
0.2 500 10.084471253404482
0.2 600 9.836086236353548
0.2 700 9.603203779808332
0.3 300 9.04761766472595
0.3 400 8.112436485093363
0.3 500 7.6026106459996745
0.3 600 7.29502451444147
0.3 700 7.0107038721284445
0.4 300 7.736706205743254
0.4 400 7.180404449869306
0.4 500 6.657778358929315
0.4 600 6.481047418906569
0.4 700 6.2791064244594645
0.5 300 7.173111931574469
0.5 400 6.487805507398277
0.5 500 6.277946397016149
0.5 600 6.206744927298854
0.5 700 6.100720021965601
0.6 300 6.52850999950302
0.6 400 6.249288727551477
0.6 500 6.008033513885536
0.6 600 6.002958372300741
0.6 700 5.905695726261856
0.7 300 6.00321567955777
0.7 400 5.86088769293624
0.7 500 5.839718047668603
0.7 600 5.977363403557825
0.7 700 5.915731118246668
0.8 300 5.625128930446573
0.8 400 5.4859694582180865
0.8 500 5.615387569211066
0.8 600 5.670872970320584
0.8 700 5.744843357756801
0.9 300 5.4567352859853475
0.9 400 5.375735128695596
0.9 500 5.316520586556042
0.9 600 5.3875856349417015
0.9 700 5.527071792322196
1.0 300 5.320535564174331
1.0 400 5.322001321720815
1.0 500 5.245509722771102
1.0 600 5.13416214954991
1.0 700 5.260525384396571
1.1 300 5.080890199999988
1.1 400 5.112084094042183
1.1 500 5.2217872032907
1.1 600 5.172118718107927
1.1 700 5.1524853055195825
1.2 300 4.881274997092493
1.2 400 4.768929078098744
1.2 500 4.981782163171542
1.2 600 5.14812453645304
1.2 700 5.188529654091933
1.3 300 4.7891663401248605
1.3 400 4.620098026573411
1.3 500 4.696007908860477
1.3 600 4.914886097103891
1.3 700 4.996674116202002
1.4 300 4.672287160627257
1.4 400 4.586536004993064
1.4 500 4.678833552509701
1.4 600 4.721746648878106
1.4 700 4.662541751932212
1.5 300 4.49369040408653
1.5 400 4.454221496758149
1.5 500 4.635237459052515
1.5 600 4.646509665679006
1.5 700 4.567680891216429
1.6 300 4.359262000042513
1.6 400 4.294618164988187
1.6 500 4.438846183192109
1.6 600 4.4885708610881085
1.6 700 4.508152714277794
1.7 300 4.231824094874405
1.7 400 4.1188375197977924
1.7 500 4.1904699432421415
1.7 600 4.273387194652683
1.7 700 4.327908310873487
1.8 300 4.233484761140445
1.8 400 4.029097316510198
1.8 500 4.065716466269573
1.8 600 4.080314765740671
1.8 700 4.128056326979002
1.9 300 4.572683925596951
1.9 400 3.9888202638417725
1.9 500 4.020756888678811
1.9 600 4.041252195341781
1.9 700 4.09990996743819
2.0 300 5.275366990154332
2.0 400 3.99709076685353
2.0 500 4.019096925808394
2.0 600 4.106803896976193
2.0 700 4.234286201269344
2.1 300 5.603237898646139
2.1 400 4.0236609746190295
2.1 500 4.037025365656378
2.1 600 4.252389730256277
2.1 700 4.352972546064673
2.2 300 5.806286376796898
2.2 400 4.1699780465944185
2.2 500 4.082426554924418
2.2 600 4.342040157823708
2.2 700 4.44624057793643
2.3 300 5.844807316858441
2.3 400 4.241039652166167
2.3 500 4.248993081641106
2.3 600 4.448855839548046
2.3 700 4.522675897434892
2.4 300 6.781693794457013
2.4 400 4.292003755988995
2.4 500 4.345541350567848
2.4 600 4.419573048788065
2.4 700 4.335910723187233
2.5 300 5.561662475622636
2.5 400 4.576046396690158
2.5 500 4.422749578677929
2.5 600 4.526733337473751
2.5 700 4.4019680855967485
2.6 300 4.756626861732134
2.6 400 4.980095560930255
2.6 500 4.78870507321505
2.6 600 4.629689427791791
2.6 700 4.477956470951254
2.8 300 4.434330832245076
2.8 400 4.936891188807901
2.8 500 5.350583381092822
2.8 600 5.469287696302373
2.8 700 4.888777687338355
3.0 300 4.972820681055722
3.0 400 4.6566089645083135
3.0 500 6.070670807704581
3.0 600 6.844490672391647
3.0 700 5.521636725395064
3.5 300 7.688757780512218
3.5 400 6.415511780133267
3.5 500 6.011898152330971
3.5 600 6.315201390119161
3.5 700 6.671968178727283
4.0 300 11.164818295327368
4.0 400 9.120151916022976
4.0 500 7.6739311845894145
4.0 600 6.987234593588271
4.0 700 6.608519647624288
