0.1 400 56.25913795679647
0.2 400 61.82175574185695
0.3 400 52.199329660479194
0.4 400 46.34324560384538
0.5 400 32.06445237246852
0.6 400 26.38562575730084
0.7 400 26.34510759732419
0.8 400 26.247117744856737
0.9 400 24.013097412963656
1.0 400 21.852722979648114
1.1 400 21.65626861890656
1.2 400 23.942828560582576
1.3 400 19.609157668851285
1.4 400 18.368080477208363
1.5 400 17.64837313526124
1.6 400 16.919090755455144
1.7 400 16.635753571128575
1.8 400 16.818936740698472
1.9 400 17.279885466919705
2.0 400 17.78729844693398
2.1 400 18.465856347582992
2.2 400 18.682088039045347
2.3 400 19.410176786532965
2.4 400 19.785525990918906
2.5 400 20.19029143754724
2.6 400 20.74164947331098
2.8 400 21.68480685260824
3.0 400 23.66199153255258
3.5 400 30.805507996444064
4.0 400 37.2650672711882
