0.1 500 33.21533969502059
0.2 500 13.48079289509745
0.3 500 9.958511949524032
0.4 500 8.262557487000882
0.5 500 9.321619454987705
0.6 500 10.50805172147571
0.7 500 11.22473725618557
0.8 500 11.613659192387026
0.9 500 12.520072798888895
1.0 500 13.38645258707777
1.1 500 14.17649013395998
1.2 500 14.765471893318438
1.3 500 15.305766059044405
1.4 500 15.070974548663932
1.5 500 15.204409575158467
1.6 500 16.022560095069846
1.7 500 17.858282766082745
1.8 500 19.999097344203857
1.9 500 17.14943042643218
2.0 500 16.65678144648148
2.1 500 15.50861924909489
2.2 500 15.617729679815278
2.3 500 15.869093524678041
2.4 500 16.97038210026765
2.5 500 18.320611083152617
2.6 500 19.793252713700614
2.8 500 23.2033327994127
3.0 500 27.80111215757424
3.5 500 49.14750716643401
4.0 500 69.23436514718067
