0.1 700 13.307546041068258
0.2 700 8.55852122058822
0.3 700 6.524276357995351
0.4 700 6.136004353982486
0.5 700 6.058154991932152
0.6 700 5.992980251730172
0.7 700 5.966806718123004
0.8 700 5.785616316534185
0.9 700 5.547227944254041
1.0 700 5.350056391281356
1.1 700 5.334263560270932
1.2 700 5.273556076713662
1.3 700 5.032564267073968
1.4 700 4.755740756189534
1.5 700 4.6833567672829775
1.6 700 4.53081095299242
1.7 700 4.280867697249015
1.8 700 4.154033936757807
1.9 700 4.184099584462505
2.0 700 4.251777066204381
2.1 700 4.322824759208536
2.2 700 4.367022713250233
2.3 700 4.531838536035058
2.4 700 4.490027533156511
2.5 700 4.580075934780932
2.6 700 4.654885572951979
2.8 700 5.099503621070043
3.0 700 6.455334629237371
3.5 700 6.035843663898405
4.0 700 6.365459824048369
