0.1 600 52.091160336439536
0.2 600 33.7351070418917
0.3 600 15.651686837690791
0.4 600 17.15454957368514
0.5 600 12.610544023204064
0.6 600 12.43122415874321
0.7 600 12.83425375480477
0.8 600 13.1563888838154
0.9 600 13.42722282201407
1.0 600 14.35861160497366
1.1 600 15.13022312335688
1.2 600 15.613643777993083
1.3 600 15.743022869335064
1.4 600 15.52767996329643
1.5 600 15.477079371578776
1.6 600 15.475934065215261
1.7 600 15.672207921075882
1.8 600 15.82079293694358
1.9 600 16.225086031654467
2.0 600 15.516923339711008
2.1 600 15.958536891152958
2.2 600 16.695354040796403
2.3 600 16.677528026514594
2.4 600 16.893163209407163
2.5 600 17.26868343757343
2.6 600 18.47261271335438
2.8 600 22.006853879875592
3.0 600 26.980335047436203
3.5 600 48.36358430074136
4.0 600 65.94262140272453
