0.1 300 20.568419612458808
0.1 400 19.852796688837167
0.1 500 20.199370759839205
0.1 600 20.154753330486102
0.1 700 20.55994050613681
0.2 300 13.517758802832178
0.2 400 11.60531513545456
0.2 500 10.931910065032383
0.2 600 10.659024348199646
0.2 700 10.491920700825085
0.3 300 9.983998707085018
0.3 400 9.18471843708209
0.3 500 8.775312137831921
0.3 600 8.366871090905459
0.3 700 7.927003962774044
0.4 300 8.49137715339742
0.4 400 7.70697018812042
0.4 500 7.342239422740372
0.4 600 7.0327866215404695
0.4 700 6.702549059451772
0.5 300 7.73487242417167
0.5 400 7.094080577092777
0.5 500 6.710822155905396
0.5 600 6.507188947243916
0.5 700 6.266048348815946
0.6 300 7.169663979214315
0.6 400 6.46348994998463
0.6 500 6.209425714921991
0.6 600 6.127358244540396
0.6 700 6.077392180964713
0.7 300 6.355733749971127
0.7 400 6.15094815868812
0.7 500 6.037230232534528
0.7 600 6.042980856602128
0.7 700 5.895081354301237
0.8 300 5.831226128136602
0.8 400 5.663212576197511
0.8 500 5.794322635571848
0.8 600 5.891565827931912
0.8 700 5.863800012574656
0.9 300 5.530990716192855
0.9 400 5.4256128018358165
0.9 500 5.494091356570321
0.9 600 5.5828748614572685
0.9 700 5.667497862075823
1.0 300 5.400574969351107
1.0 400 5.383340944632113
1.0 500 5.2534242561492155
1.0 600 5.282264699718398
1.0 700 5.436672890634447
1.1 300 5.263560809773056
1.1 400 5.261196402825075
1.1 500 5.16023564839313
1.1 600 5.11644379647729
1.1 700 5.219640966298109
1.2 300 5.010693836378758
1.2 400 4.991627041150512
1.2 500 5.041798955822709
1.2 600 5.123533693382275
1.2 700 5.0851492256614925
1.3 300 4.784366312394198
1.3 400 4.671035668347569
1.3 500 4.80959622296355
1.3 600 5.033545882439923
1.3 700 5.038539573760696
1.4 300 4.6455331406322165
1.4 400 4.550232777977425
1.4 500 4.6035031373156015
1.4 600 4.7933756085040065
1.4 700 4.799167505507212
1.5 300 4.511038891011908
1.5 400 4.50893875401128
1.5 500 4.5907787757417085
1.5 600 4.639674251424525
1.5 700 4.563545632849161
1.6 300 4.3560032903737085
1.6 400 4.3590072345821325
1.6 500 4.501625284443789
1.6 600 4.56686959973754
1.6 700 4.503507749546499
1.7 300 4.258168922191556
1.7 400 4.152038421721781
1.7 500 4.310881952396059
1.7 600 4.414957071566704
1.7 700 4.444495204300756
1.8 300 4.247656965913202
1.8 400 4.049427924349004
1.8 500 4.138614013067401
1.8 600 4.239987084953616
1.8 700 4.285418829212902
1.9 300 4.323447413927215
1.9 400 3.978946978900433
1.9 500 4.028198828453991
1.9 600 4.098650697377124
1.9 700 4.150032237206193
2.0 300 4.845847537425215
2.0 400 3.9773455223889167
2.0 500 4.009560935634041
2.0 600 4.103871108629315
2.0 700 4.190901622078143
2.1 300 5.760279846372786
2.1 400 4.027338742315545
2.1 500 4.006952888972672
2.1 600 4.212535236638671
2.1 700 4.3070028905764115
2.2 300 6.207060815360274
2.2 400 4.256967268023961
2.2 500 4.039035585584981
2.2 600 4.4176997806553775
2.2 700 4.551215932746589
2.3 300 6.52671888615072
2.3 400 4.178464266508301
2.3 500 4.202616052894846
2.3 600 4.579339969680654
2.3 700 4.7050070490119085
2.4 300 7.790119269136511
2.4 400 4.514392169248396
2.4 500 4.578616875412124
2.4 600 4.768718697343989
2.4 700 4.688235391135625
2.5 300 6.638577947325668
2.5 400 4.595401000611366
2.5 500 4.74875218831173
2.5 600 4.557970101707226
2.5 700 4.467328804489019
2.6 300 5.56219956015039
2.6 400 4.637204566750385
2.6 500 4.882702564090702
2.6 600 4.686638012781273
2.6 700 4.560087106728224
2.8 300 4.528232562976281
2.8 400 5.093015990393052
2.8 500 5.599670358566434
2.8 600 5.24628126614865
2.8 700 4.790069282113469
3.0 300 4.664965801856265
3.0 400 4.8649761900779
3.0 500 6.4513189043609955
3.0 600 5.984057898767416
3.0 700 5.777399613055805
3.5 300 7.038035719987265
3.5 400 6.073701844229418
3.5 500 6.03033906187995
3.5 600 6.827104444688281
3.5 700 7.52262774045214
4.0 300 10.354343640876584
4.0 400 8.350002399109208
4.0 500 7.265657703840322
4.0 600 6.871849264279249
4.0 700 6.742848275601808
