0.1 400 324.7796482388448
0.2 400 157.68218499368749
0.3 400 96.59761070416498
0.4 400 87.12351563457412
0.5 400 94.26488685249237
0.6 400 93.83500015934221
0.7 400 94.25118220491592
0.8 400 98.05707125716285
0.9 400 102.86817959964478
1.0 400 108.29521823067516
1.1 400 113.02208854000907
1.2 400 111.2891833945524
1.3 400 112.017559262324
1.4 400 112.63853315051283
1.5 400 113.6790955168248
1.6 400 115.49729829119421
1.7 400 117.34193628899878
1.8 400 120.38054876731425
1.9 400 123.54358254020723
2.0 400 126.12372953738051
2.1 400 127.94178142833898
2.2 400 130.91762859107888
2.3 400 136.8764270196007
2.4 400 148.45803093146063
2.5 400 162.92888589490752
2.6 400 171.43900656715164
2.8 400 171.68146950978579
3.0 400 168.7160849974595
3.5 400 303.2663544912209
4.0 400 454.4273582523521
