0.1 700 57.513472919981524
0.2 700 61.641131118245546
0.3 700 48.40448167388791
0.4 700 32.39007729922259
0.5 700 34.02959242061148
0.6 700 22.53981290342318
0.7 700 22.74438930308631
0.8 700 20.44834945037251
0.9 700 18.16812505621046
1.0 700 17.78908839064868
1.1 700 17.758044184900232
1.2 700 17.909171056901336
1.3 700 17.611348877093032
1.4 700 17.697942272849335
1.5 700 17.925798354195127
1.6 700 17.756012557952165
1.7 700 17.50342187660403
1.8 700 17.397991400535965
1.9 700 17.662524646190857
2.0 700 18.150520753260217
2.1 700 18.817185464804567
2.2 700 19.544319290801823
2.3 700 20.236655088257283
2.4 700 20.300674128002697
2.5 700 20.21379893275067
2.6 700 20.508257761645304
2.8 700 21.811352212123282
3.0 700 22.982294547350218
3.5 700 27.823798478396835
4.0 700 32.995588515473116
