0.1 700 19.72540904823486
0.2 700 11.95674003727327
0.3 700 9.298259300251697
0.4 700 9.956165795562493
0.5 700 12.010581456242251
0.6 700 12.892070007301506
0.7 700 13.41148456767787
0.8 700 13.666571624054372
0.9 700 13.886257499507458
1.0 700 14.356497308566803
1.1 700 14.999002623132382
1.2 700 15.735857128014448
1.3 700 15.895886104903699
1.4 700 15.61530798295314
1.5 700 15.40190590361112
1.6 700 15.403120541234196
1.7 700 15.31277263724458
1.8 700 15.55281086710141
1.9 700 15.640688971280603
2.0 700 15.44680389975769
2.1 700 15.316273121588031
2.2 700 15.300262450969026
2.3 700 16.01944172099041
2.4 700 15.865011377462755
2.5 700 16.779671293268905
2.6 700 18.007097216543702
2.8 700 21.00988425503974
3.0 700 25.677082903526948
3.5 700 45.39866906169422
4.0 700 65.39205180791288
