0.1 600 14.104706685897918
0.2 600 9.000299873413606
0.3 600 6.810323762167325
0.4 600 6.362806994539366
0.5 600 6.101291562068865
0.6 600 6.159426126995144
0.7 600 5.966793161025532
0.8 600 5.715283819849906
0.9 600 5.4020682598894005
1.0 600 5.250500593310372
1.1 600 5.341426527295169
1.2 600 5.217485369618979
1.3 600 4.957146374144435
1.4 600 4.832267523171369
1.5 600 4.698064839059085
1.6 600 4.467347494009196
1.7 600 4.254962101598913
1.8 600 4.103076967813466
1.9 600 4.094440613351857
2.0 600 4.135160583783248
2.1 600 4.231601166020498
2.2 600 4.2915469306621
2.3 600 4.509443638817856
2.4 600 4.64809787665888
2.5 600 4.773667745877961
2.6 600 5.232040976653688
2.8 600 5.925673743770723
3.0 600 6.727877679991286
3.5 600 5.7512847904928295
4.0 600 6.8880326816905395
