0.1 700 10.753803783127397
0.2 700 7.843406844398862
0.3 700 7.144736508986224
0.4 700 7.011156314964946
0.5 700 7.164578203739887
0.6 700 7.070892340945956
0.7 700 6.857668705447145
0.8 700 6.708133952071565
0.9 700 6.374985425469075
1.0 700 6.17580769443122
1.1 700 6.187663406117346
1.2 700 6.02791859561664
1.3 700 5.734216644005894
1.4 700 5.4886392111734965
1.5 700 5.235541053759066
1.6 700 4.978336499646155
1.7 700 4.778722431460285
1.8 700 4.625031826344255
1.9 700 4.50102866375632
2.0 700 4.411858851511275
2.1 700 4.387925040141184
2.2 700 4.462220367304132
2.3 700 4.526405298687641
2.4 700 4.6066740991253985
2.5 700 4.680997608293939
2.6 700 4.5951999314160705
2.8 700 4.828456722881662
3.0 700 4.977341543633335
3.5 700 5.193784403524833
4.0 700 6.061451231382551
