0.1 300 274.9287021321124
0.1 400 235.42898940972262
0.1 500 215.81322136940275
0.1 600 205.81724701999175
0.1 700 201.58471641733536
0.2 300 131.05629961879077
0.2 400 100.69805297931151
0.2 500 92.89454857662922
0.2 600 93.12483749644775
0.2 700 93.60401270918128
0.3 300 89.84156596045919
0.3 400 85.53294885931831
0.3 500 90.64015028678025
0.3 600 91.43323664774525
0.3 700 91.82264688752342
0.4 300 90.67506783314282
0.4 400 93.08298318705344
0.4 500 90.48539317650147
0.4 600 89.05192886503742
0.4 700 92.41377653369297
0.5 300 99.03685286865617
0.5 400 93.26198363461364
0.5 500 91.8319246906617
0.5 600 91.41257694045585
0.5 700 90.95114022427947
0.6 300 103.48873240185026
0.6 400 100.0329355317935
0.6 500 95.94661821549202
0.6 600 96.69649983798934
0.6 700 96.29430152857708
0.7 300 105.70850698576244
0.7 400 107.47266899834426
0.7 500 103.32186019214839
0.7 600 105.6402064993123
0.7 700 105.40987460581108
0.8 300 107.24658874757095
0.8 400 111.28870678158516
0.8 500 111.8448990807787
0.8 600 119.58622727839023
0.8 700 113.32090761643813
0.9 300 109.85994952217361
0.9 400 111.13628069566606
0.9 500 111.55375774195662
0.9 600 116.66539731608482
0.9 700 117.29903557162513
1.0 300 113.03559071982059
1.0 400 112.55247471604048
1.0 500 112.73933815162695
1.0 600 116.84908118335888
1.0 700 117.37075000929285
1.1 300 117.04089645469105
1.1 400 114.50884538244671
1.1 500 114.65095358361899
1.1 600 117.44563524450723
1.1 700 117.57245346619332
1.2 300 122.04147717665266
1.2 400 117.81472190664465
1.2 500 116.47683927495996
1.2 600 118.4762125765459
1.2 700 118.31773691080636
1.3 300 127.25807959442821
1.3 400 122.21065255094727
1.3 500 118.93159826754687
1.3 600 119.54042294528519
1.3 700 119.24094873627307
1.4 300 133.46870391154695
1.4 400 126.15050710966872
1.4 500 122.98272205525326
1.4 600 120.52100615131764
1.4 700 119.67511238812867
1.5 300 149.1696162642956
1.5 400 128.91203995181058
1.5 500 126.10241586421655
1.5 600 124.36153815427978
1.5 700 122.48668223156673
1.6 300 172.7644986794331
1.6 400 135.62739395061018
1.6 500 128.18582864091647
1.6 600 126.40193604600204
1.6 700 125.58147369417269
1.7 300 181.5269043552125
1.7 400 152.60237930607374
1.7 500 137.0423244315782
1.7 600 128.97264957295943
1.7 700 127.53892404804827
1.8 300 179.2090030995754
1.8 400 169.76261453035227
1.8 500 155.95624245028014
1.8 600 139.39805845586454
1.8 700 134.19321158318292
1.9 300 175.93312985527092
1.9 400 172.96870903650097
1.9 500 168.41190293746752
1.9 600 155.09009541027118
1.9 700 148.54703353634008
2.0 300 179.75751913934036
2.0 400 170.4589558339254
2.0 500 169.56803940079075
2.0 600 163.93297903036975
2.0 700 159.92909570768725
2.1 300 206.01149505104138
2.1 400 168.70227492804008
2.1 500 167.35403114624876
2.1 600 165.75751910873257
2.1 700 164.09970582110444
2.2 300 261.4966638145905
2.2 400 175.5835063567672
2.2 500 165.85527263805548
2.2 600 165.24246898464557
2.2 700 164.63322967147624
2.3 300 323.34980814847233
2.3 400 208.10437705101148
2.3 500 169.3340867758279
2.3 600 165.33692844384927
2.3 700 164.63989925280302
2.4 300 370.63028675156426
2.4 400 269.7083794605315
2.4 500 190.02823491654874
2.4 600 170.15494957856188
2.4 700 165.94940934462093
2.5 300 403.08802179772607
2.5 400 334.02581760031734
2.5 500 240.96900744058914
2.5 600 191.16811556761246
2.5 700 172.67858525149018
2.6 300 427.484291048825
2.6 400 383.82940487333957
2.6 500 306.4101561452597
2.6 600 239.36792241811003
2.6 700 197.1751279976143
2.8 300 468.0241460409832
2.8 400 454.4378176709571
2.8 500 412.5275626830646
2.8 600 354.459230521007
2.8 700 303.1965420762506
3.0 300 508.7097937523353
3.0 400 505.79743238539527
3.0 500 493.6541050021176
3.0 600 459.7933231777177
3.0 700 408.6590705515455
3.5 300 626.4804103855114
3.5 400 625.3410159786073
3.5 500 625.1501196826396
3.5 600 624.5340329252205
3.5 700 623.0296631534867
4.0 300 773.7453121845581
4.0 400 744.2495871310375
4.0 500 742.3579218944354
4.0 600 741.8138204274298
4.0 700 741.783382205557
