0.1 400 43.52672039899365
0.2 400 38.883559374626124
0.3 400 15.712390798980142
0.4 400 15.896142131881092
0.5 400 12.99978587635269
0.6 400 11.264789688191135
0.7 400 10.991822657177488
0.8 400 11.179892036650342
0.9 400 11.80577374641514
1.0 400 12.745780631833222
1.1 400 13.474070479188136
1.2 400 13.840903571474586
1.3 400 14.123189850331245
1.4 400 15.047043012763924
1.5 400 17.277869507011363
1.6 400 19.997996468647592
1.7 400 21.677563245808102
1.8 400 20.958102174383654
1.9 400 19.16037654497441
2.0 400 18.426909727294532
2.1 400 15.393819858831028
2.2 400 15.848110135484784
2.3 400 16.64124248750756
2.4 400 17.66574247703745
2.5 400 18.96134441995813
2.6 400 20.3337462110622
2.8 400 24.346458420032437
3.0 400 30.347278463351337
3.5 400 49.870115358508336
4.0 400 69.21708364189016
