0.1 600 55.34246275738105
0.2 600 53.252866566465045
0.3 600 33.62363064908433
0.4 600 24.415402172089948
0.5 600 25.07296944802311
0.6 600 21.38266327909111
0.7 600 16.922187584443726
0.8 600 15.523232116502427
0.9 600 15.241781073729634
1.0 600 15.81369466677146
1.1 600 16.63803712874191
1.2 600 17.352042846339195
1.3 600 17.795408690868666
1.4 600 18.093902726219785
1.5 600 18.456425060833524
1.6 600 18.35596341371
1.7 600 17.526802506259617
1.8 600 17.61531885156534
1.9 600 17.49574301864212
2.0 600 17.35997325467972
2.1 600 16.732445775358446
2.2 600 16.07718693940391
2.3 600 15.758918268181773
2.4 600 15.957866510223022
2.5 600 16.615265967849275
2.6 600 17.55568465552843
2.8 600 19.401316375923532
3.0 600 21.75679494030408
3.5 600 33.4537605239377
4.0 600 56.87425772854164
