0.1 700 57.19869541726725
0.2 700 50.74441049957146
0.3 700 31.336997747103556
0.4 700 29.43163812671541
0.5 700 27.727099198471564
0.6 700 21.71682089667208
0.7 700 16.765150136496793
0.8 700 15.670163454830366
0.9 700 15.54282434234864
1.0 700 15.83938236524721
1.1 700 16.49608317631952
1.2 700 17.597935479183032
1.3 700 17.99701624630967
1.4 700 17.4909352119174
1.5 700 17.220884602783602
1.6 700 17.156013369208583
1.7 700 17.228579510879594
1.8 700 17.229213624938613
1.9 700 17.350249088921316
2.0 700 17.17235802102012
2.1 700 16.935733947601662
2.2 700 16.373835843319878
2.3 700 15.930799918972816
2.4 700 16.1160828582217
2.5 700 16.65975934193138
2.6 700 17.57359685619766
2.8 700 19.068703880540937
3.0 700 21.223103187943124
3.5 700 30.18138501079453
4.0 700 51.76276916978758
