0.1 300 37.61674058652617
0.2 300 13.804581639374755
0.3 300 12.310191257889503
0.4 300 9.856523450599113
0.5 300 8.094574858240637
0.6 300 8.3286791770502
0.7 300 8.801686199255762
0.8 300 9.60536790609256
0.9 300 10.37294582432996
1.0 300 10.543352695974693
1.1 300 10.970524154996365
1.2 300 12.943116453564585
1.3 300 16.164553753641453
1.4 300 18.417136559315697
1.5 300 16.86436630945593
1.6 300 15.771252592106098
1.7 300 15.692922793171055
1.8 300 15.97242090693728
1.9 300 16.69802199782319
2.0 300 17.869486343425123
2.1 300 19.36322162928736
2.2 300 23.307271641636724
2.3 300 16.862390414286867
2.4 300 17.855948717296425
2.5 300 19.757768743435452
2.6 300 21.252356952552713
2.8 300 26.37992338150042
3.0 300 34.37518685999364
3.5 300 50.60603293400068
4.0 300 63.172608284656185
