0.1 300 56.26562186702381
0.1 400 56.25913795679647
0.1 500 56.889353529427
0.1 600 57.212065074449704
0.1 700 57.53751001889283
0.2 300 59.18141773682725
0.2 400 61.82175574185695
0.2 500 61.221272204141414
0.2 600 59.97646327742393
0.2 700 58.14430091647158
0.3 300 54.791699725963994
0.3 400 52.199329660479194
0.3 500 53.36895895343758
0.3 600 58.34723950726662
0.3 700 61.73367853730488
0.4 300 50.25204648280901
0.4 400 46.34324560384538
0.4 500 38.037201446406115
0.4 600 35.70471264516302
0.4 700 34.36181315214048
0.5 300 38.189255326513525
0.5 400 32.06445237246852
0.5 500 29.357357668095418
0.5 600 28.322147415112084
0.5 700 28.510238368246707
0.6 300 28.812366991801625
0.6 400 26.38562575730084
0.6 500 28.22005744875851
0.6 600 25.272489163130363
0.6 700 25.671540712860363
0.7 300 23.511660514625294
0.7 400 26.34510759732419
0.7 500 24.476378354059946
0.7 600 23.907303841101385
0.7 700 25.121579372008675
0.8 300 20.905586047730633
0.8 400 26.247117744856737
0.8 500 22.388540109104778
0.8 600 22.431639859270195
0.8 700 23.55560560254316
0.9 300 21.077869113010458
0.9 400 24.013097412963656
0.9 500 21.809181234389577
0.9 600 20.215896005629606
0.9 700 21.436529509854928
1.0 300 21.702434550659323
1.0 400 21.852722979648114
1.0 500 20.896394734413104
1.0 600 19.661577547926637
1.0 700 19.68149052094584
1.1 300 25.431993380286073
1.1 400 21.65626861890656
1.1 500 20.162221805038094
1.1 600 20.347875133859073
1.1 700 20.075374063118524
1.2 300 23.405800469137862
1.2 400 23.942828560582576
1.2 500 19.46695293260677
1.2 600 20.354881558097734
1.2 700 20.529279126590623
1.3 300 18.975417569257626
1.3 400 19.609157668851285
1.3 500 18.383055390920795
1.3 600 19.55512976014813
1.3 700 19.773565300824863
1.4 300 17.95466694177754
1.4 400 18.368080477208363
1.4 500 17.267111381752304
1.4 600 18.713366754131542
1.4 700 18.896431901919886
1.5 300 17.18808189817675
1.5 400 17.64837313526124
1.5 500 16.783963522818098
1.5 600 18.370967204264893
1.5 700 19.03175084288895
1.6 300 17.131151390620897
1.6 400 16.919090755455144
1.6 500 16.575611442557943
1.6 600 18.561932261751345
1.6 700 18.87862544950037
1.7 300 17.283666558683485
1.7 400 16.635753571128575
1.7 500 16.55320805275396
1.7 600 18.80643146023491
1.7 700 18.701766071002854
1.8 300 17.6040813292469
1.8 400 16.818936740698472
1.8 500 16.606675845801394
1.8 600 18.895405127881354
1.8 700 18.57663745984769
1.9 300 18.20670125533812
1.9 400 17.279885466919705
1.9 500 16.82845809790982
1.9 600 18.61358965247167
1.9 700 18.72050645479219
2.0 300 18.583651556621344
2.0 400 17.78729844693398
2.0 500 17.600359159802572
2.0 600 19.06232798843761
2.0 700 18.659233159978207
2.1 300 20.149416790280476
2.1 400 18.465856347582992
2.1 500 17.46870275829148
2.1 600 19.806804216000874
2.1 700 18.631821913888736
2.2 300 20.60608907779464
2.2 400 18.682088039045347
2.2 500 18.653960253048087
2.2 600 19.881108576949675
2.2 700 19.026457367653475
2.3 300 18.83454067929878
2.3 400 19.410176786532965
2.3 500 19.45956893173754
2.3 600 20.129056181932484
2.3 700 19.582905351272966
2.4 300 19.535040428625287
2.4 400 19.785525990918906
2.4 500 19.67254534340382
2.4 600 20.51870706182335
2.4 700 19.922893424429354
2.5 300 20.229432976094877
2.5 400 20.19029143754724
2.5 500 20.530785193739483
2.5 600 21.16959492499868
2.5 700 21.096221971774625
2.6 300 21.059327319888347
2.6 400 20.74164947331098
2.6 500 20.914247416052696
2.6 600 21.36361677286634
2.6 700 21.321617002963688
2.8 300 22.591403518773884
2.8 400 21.68480685260824
2.8 500 22.191634430629332
2.8 600 22.22347965953969
2.8 700 22.377450441745268
3.0 300 24.899420699444573
3.0 400 23.66199153255258
3.0 500 24.364226281131387
3.0 600 23.703950663434437
3.0 700 23.813474004201144
3.5 300 32.07214312828102
3.5 400 30.805507996444064
3.5 500 29.9403815691032
3.5 600 29.18797318347503
3.5 700 28.93744440167906
4.0 300 40.66792006750776
4.0 400 37.2650672711882
4.0 500 35.26202612145323
4.0 600 35.134658365021
4.0 700 34.0449512956099
