0.1 300 52.42153759613881
0.1 400 52.013396805088604
0.1 500 53.13560089074942
0.1 600 53.4866985287258
0.1 700 54.01894106912517
0.2 300 53.15566847355396
0.2 400 53.931608717970654
0.2 500 49.33053663736469
0.2 600 49.76383289181001
0.2 700 50.05599192088648
0.3 300 60.69361624985539
0.3 400 42.622304239519615
0.3 500 34.20251018896463
0.3 600 31.683807841647678
0.3 700 28.91297597033603
0.4 300 30.495358912752824
0.4 400 25.50468401828749
0.4 500 22.01348528005378
0.4 600 23.4583369344984
0.4 700 27.809298815737904
0.5 300 18.069565854728694
0.5 400 22.22839552817302
0.5 500 21.066522860547007
0.5 600 22.704050443950663
0.5 700 23.84110565531441
0.6 300 17.406407986554644
0.6 400 22.93503879572556
0.6 500 18.961646776779066
0.6 600 18.18001193280956
0.6 700 17.93247961153631
0.7 300 19.225186528331747
0.7 400 17.95089105520319
0.7 500 16.187378116732273
0.7 600 14.940113788933154
0.7 700 15.182498141297533
0.8 300 18.32682097329913
0.8 400 15.721281524002622
0.8 500 14.864271485542456
0.8 600 14.57632253333277
0.8 700 14.930575096878881
0.9 300 17.008511757249618
0.9 400 15.900242249574541
0.9 500 14.473644668904509
0.9 600 14.469400852920671
0.9 700 14.862362230997196
1.0 300 15.85833164730068
1.0 400 15.305370987269475
1.0 500 14.402791935458831
1.0 600 14.989719645177763
1.0 700 15.026041126425124
1.1 300 15.067485783406523
1.1 400 14.831660500977895
1.1 500 14.503380862649792
1.1 600 16.10213597736536
1.1 700 15.939169954869618
1.2 300 14.989679754744252
1.2 400 14.633907492844711
1.2 500 14.5987479670054
1.2 600 17.015056001374944
1.2 700 17.101650982751853
1.3 300 14.880095972848464
1.3 400 15.019934653911529
1.3 500 14.997290357124793
1.3 600 17.479915997359488
1.3 700 17.37338172038154
1.4 300 14.738349413404718
1.4 400 14.638575460511634
1.4 500 15.953751086268257
1.4 600 17.898524087965896
1.4 700 17.25094707403431
1.5 300 14.650579209752006
1.5 400 14.783978180238702
1.5 500 16.583775828270337
1.5 600 18.035324337182903
1.5 700 17.153203754609784
1.6 300 16.21427632616132
1.6 400 14.82065577949363
1.6 500 16.32188295471703
1.6 600 17.352739405374514
1.6 700 17.057368663582036
1.7 300 19.11183657738164
1.7 400 14.751085085776262
1.7 500 15.873739240701019
1.7 600 17.224909016943553
1.7 700 16.96457900307141
1.8 300 21.180695777510305
1.8 400 14.666595795295814
1.8 500 15.851556058646008
1.8 600 17.218658681081187
1.8 700 17.037908418355723
1.9 300 21.416415744836325
1.9 400 14.37475090143282
1.9 500 15.552536958258338
1.9 600 17.170462727738688
1.9 700 16.990486688661704
2.0 300 20.87900896807915
2.0 400 14.577408643669738
2.0 500 15.025755383694655
2.0 600 16.920034209042473
2.0 700 16.827190279441513
2.1 300 19.91113590817106
2.1 400 15.97605921451322
2.1 500 14.793254096405585
2.1 600 16.188495263853792
2.1 700 16.274542484662238
2.2 300 20.58958561208634
2.2 400 18.355496624717837
2.2 500 14.824088392213543
2.2 600 15.644773490749639
2.2 700 15.724102702413834
2.3 300 17.722603129315065
2.3 400 19.94503093437158
2.3 500 16.399555912013323
2.3 600 15.682913196696232
2.3 700 15.796385789896155
2.4 300 17.86084647442717
2.4 400 22.02633347087335
2.4 500 15.614089829228293
2.4 600 16.177188967824403
2.4 700 15.71182114597945
2.5 300 20.0183091484617
2.5 400 17.77966666287265
2.5 500 16.426867694936423
2.5 600 16.51638324007155
2.5 700 16.386500259818114
2.6 300 20.23335286927211
2.6 400 18.995012894660764
2.6 500 17.526120801778248
2.6 600 17.342965082100857
2.6 700 16.91398163748408
2.8 300 24.723793858135014
2.8 400 23.20261803810691
2.8 500 20.830949172434185
2.8 600 19.44017155343015
2.8 700 18.874803924795522
3.0 300 31.12483991658366
3.0 400 29.351889147375662
3.0 500 25.468297525902184
3.0 600 23.125736547147927
3.0 700 22.124970223585837
3.5 300 53.50998913424847
3.5 400 51.92454421469376
3.5 500 42.92136819643798
3.5 600 38.15071330941701
3.5 700 37.29342281674805
4.0 300 81.82467713318944
4.0 400 107.16688796473937
4.0 500 75.65939139076961
4.0 600 71.44784659784817
4.0 700 65.29839447144758
