0.1 500 303.2645561916319
0.2 500 114.40304861866112
0.3 500 88.54943904565212
0.4 500 93.75847804298066
0.5 500 89.58347900583503
0.6 500 95.30165398170756
0.7 500 101.69093709410026
0.8 500 109.01979313281707
0.9 500 114.0462860909005
1.0 500 114.39008293937806
1.1 500 115.54674913099998
1.2 500 117.45518190644877
1.3 500 118.59765315947718
1.4 500 122.31244299508744
1.5 500 126.10155005124778
1.6 500 128.03605774015787
1.7 500 134.28685243925528
1.8 500 151.5542646615746
1.9 500 165.2248287142285
2.0 500 167.5649990784832
2.1 500 166.25419044401178
2.2 500 165.45217152849256
2.3 500 169.0023345592079
2.4 500 188.33189028158378
2.5 500 237.36397568006348
2.6 500 302.7727933145931
2.8 500 412.7403372666787
3.0 500 497.8459111579804
3.5 500 628.4926914228456
4.0 500 743.8414350535336
