0.1 700 11.955585061298258
0.2 700 7.871601210268937
0.3 700 6.729894770285097
0.4 700 6.49127091384157
0.5 700 6.6447478435951846
0.6 700 6.55003506326639
0.7 700 6.478601297643252
0.8 700 6.325308737603612
0.9 700 6.06555559903718
1.0 700 5.878334606794236
1.1 700 5.913043315663189
1.2 700 5.789193437506523
1.3 700 5.564244658375154
1.4 700 5.2974976360641834
1.5 700 5.050817139299369
1.6 700 4.817872855684164
1.7 700 4.652541156157609
1.8 700 4.521423526883337
1.9 700 4.41217946666934
2.0 700 4.360487139608424
2.1 700 4.334901556703931
2.2 700 4.437444144851388
2.3 700 4.515941833799442
2.4 700 4.608910571828568
2.5 700 4.692010894846148
2.6 700 4.595509306597024
2.8 700 4.844783502130177
3.0 700 4.993706135775895
3.5 700 5.209108611716943
4.0 700 6.063719908850261
