0.1 600 166.14439410350957
0.2 600 87.87783784574428
0.3 600 88.40820670449034
0.4 600 90.08522771949337
0.5 600 92.90240382293973
0.6 600 96.70808932267
0.7 600 106.58199432125008
0.8 600 118.33548375950754
0.9 600 117.52860982739107
1.0 600 117.21043400377587
1.1 600 117.54024377716468
1.2 600 118.46616015775935
1.3 600 119.49763548186945
1.4 600 120.47330220727132
1.5 600 124.30872934646908
1.6 600 126.3594511051444
1.7 600 128.96691876947537
1.8 600 139.4303853135436
1.9 600 155.12165991103436
2.0 600 163.95263265271615
2.1 600 165.76575211719413
2.2 600 165.24244629160785
2.3 600 165.33179691224035
2.4 600 170.14838134994304
2.5 600 191.16558397251322
2.6 600 239.37182365551664
2.8 600 354.46244416514844
3.0 600 459.79053347892454
3.5 600 624.5325584585233
4.0 600 741.8128908585138
