0.1 400 57.30541290218524
0.2 400 61.00538712590665
0.3 400 50.62392731832251
0.4 400 43.78619922025863
0.5 400 30.079670612891743
0.6 400 24.322005086082303
0.7 400 26.059525942285642
0.8 400 24.221783279406008
0.9 400 21.36901801224404
1.0 400 19.69586494753319
1.1 400 19.24077045571785
1.2 400 18.661711334477697
1.3 400 17.34105785608253
1.4 400 16.47845644549806
1.5 400 16.152616101410764
1.6 400 15.949169195891361
1.7 400 16.17277457277948
1.8 400 16.65887445626101
1.9 400 16.862438543659295
2.0 400 17.19926576386507
2.1 400 17.494659448324345
2.2 400 17.80970802353006
2.3 400 18.32402688936867
2.4 400 18.785293911513534
2.5 400 19.325433949823584
2.6 400 19.640076668576356
2.8 400 21.177633721444202
3.0 400 23.10091277452592
3.5 400 30.006026750835318
4.0 400 40.68839841463533
