0.1 300 57.9122976000132
0.2 300 52.23848068183466
0.3 300 52.1540787954322
0.4 300 48.219118038708174
0.5 300 38.72405432921042
0.6 300 23.304856431139637
0.7 300 18.20026247315395
0.8 300 16.447794923495064
0.9 300 17.40419739894234
1.0 300 17.792955591689513
1.1 300 16.500852266058562
1.2 300 16.23237948847475
1.3 300 15.876816691395728
1.4 300 14.940410773205569
1.5 300 14.665660050390542
1.6 300 14.848295678964698
1.7 300 15.071790901496673
1.8 300 15.040761854755889
1.9 300 15.11215974704417
2.0 300 15.57142277643889
2.1 300 16.511841317266825
2.2 300 18.820224963724495
2.3 300 20.575742259910566
2.4 300 23.839645375627832
2.5 300 25.58516605618225
2.6 300 19.182912806609938
2.8 300 21.004504980656584
3.0 300 23.070564683395467
3.5 300 32.80809864183992
4.0 300 48.556450649521395
