0.1 600 10.997404498888079
0.2 600 7.9552462025509945
0.3 600 7.016906969796584
0.4 600 6.992123586287453
0.5 600 6.9778697137053465
0.6 600 6.890471967569386
0.7 600 6.636461278851965
0.8 600 6.348468256323291
0.9 600 6.035934562710655
1.0 600 6.028554799163364
1.1 600 5.958155438031656
1.2 600 5.828603589133869
1.3 600 5.4720006327332475
1.4 600 5.167804505962059
1.5 600 4.955717556770098
1.6 600 4.793824249384296
1.7 600 4.607540853054234
1.8 600 4.478626595374785
1.9 600 4.372477859907895
2.0 600 4.301037900715136
2.1 600 4.286629485842584
2.2 600 4.378366093569091
2.3 600 4.601165564017725
2.4 600 4.958029471518429
2.5 600 4.625687754890201
2.6 600 4.884161170238509
2.8 600 5.545404511048711
3.0 600 5.4223000336647935
3.5 600 4.929751708424081
4.0 600 6.6840351974857395
