0.1 600 10.956604225181891
0.2 600 8.68201450991284
0.3 600 8.066237137731632
0.4 600 8.12923877941192
0.5 600 7.925200425884417
0.6 600 7.591473127230399
0.7 600 7.125758647646185
0.8 600 6.780957939576267
0.9 600 6.407314981206128
1.0 600 6.310456147873628
1.1 600 6.278377506326081
1.2 600 6.038569141779547
1.3 600 5.647690361124734
1.4 600 5.326286311735565
1.5 600 5.14806828333259
1.6 600 4.950218308514951
1.7 600 4.741106146433845
1.8 600 4.60611526926989
1.9 600 4.496988622284262
2.0 600 4.405347746047579
2.1 600 4.373745318457332
2.2 600 4.433678490466617
2.3 600 4.490113818273906
2.4 600 4.56100993303914
2.5 600 4.628921475122865
2.6 600 4.864226078118086
2.8 600 5.488553851694725
3.0 600 5.393276294194269
3.5 600 4.93088277544988
4.0 600 6.682885742674767
