0.1 300 362.4887292211262
0.1 400 324.7796482388448
0.1 500 277.47073279851776
0.1 600 258.0968845692846
0.1 700 247.08154150967286
0.2 300 172.18848997693405
0.2 400 157.68218499368749
0.2 500 119.23392186011509
0.2 600 105.94147428411772
0.2 700 99.83244215383111
0.3 300 101.91301993325447
0.3 400 96.59761070416498
0.3 500 86.81848131197043
0.3 600 87.99648645566117
0.3 700 88.41234690295023
0.4 300 93.44544257625002
0.4 400 87.12351563457412
0.4 500 90.88338009439332
0.4 600 90.59993036112542
0.4 700 89.28260831404822
0.5 300 90.94777335003047
0.5 400 94.26488685249237
0.5 500 91.73046027718206
0.5 600 88.17421665025364
0.5 700 90.32722464768189
0.6 300 96.42613582987843
0.6 400 93.83500015934221
0.6 500 92.75638798257327
0.6 600 90.31684533168632
0.6 700 91.00767499490935
0.7 300 101.94675631773765
0.7 400 94.25118220491592
0.7 500 93.14904127514544
0.7 600 92.64814806698311
0.7 700 91.48781181015981
0.8 300 103.7811044045452
0.8 400 98.05707125716285
0.8 500 93.58864903789198
0.8 600 94.68949706560186
0.8 700 94.61809370170528
0.9 300 105.22544592281182
0.9 400 102.86817959964478
0.9 500 97.97472496461755
0.9 600 98.87909361524811
0.9 700 98.73653437979435
1.0 300 106.16571926856506
1.0 400 108.29521823067516
1.0 500 104.06679723497658
1.0 600 106.60154595202751
1.0 700 104.49062426286397
1.1 300 106.99224555984253
1.1 400 113.02208854000907
1.1 500 110.13766806412771
1.1 600 115.98001645466005
1.1 700 110.06569799375828
1.2 300 108.20002433859959
1.2 400 111.2891833945524
1.2 500 109.14123210413867
1.2 600 119.96811589755005
1.2 700 115.28699328197285
1.3 300 110.28495627049021
1.3 400 112.017559262324
1.3 500 111.79450178650644
1.3 600 117.6626180135901
1.3 700 117.34955425627088
1.4 300 112.43387649627577
1.4 400 112.63853315051283
1.4 500 112.80392527176454
1.4 600 116.800246738481
1.4 700 118.07681554717234
1.5 300 114.90732803028959
1.5 400 113.6790955168248
1.5 500 113.99270494467252
1.5 600 117.24229828502638
1.5 700 117.5975199146983
1.6 300 118.05950225643092
1.6 400 115.49729829119421
1.6 500 115.2110250809312
1.6 600 117.59342899978836
1.6 700 117.69289813959705
1.7 300 121.52839473645707
1.7 400 117.34193628899878
1.7 500 116.38092551021602
1.7 600 118.15411942811993
1.7 700 118.56856052237288
1.8 300 125.39886924439014
1.8 400 120.38054876731425
1.8 500 117.71049853561088
1.8 600 118.76218410352364
1.8 700 119.06040513861832
1.9 300 128.69503863221672
1.9 400 123.54358254020723
1.9 500 119.93119066862253
1.9 600 119.34218327233226
1.9 700 119.60432414834972
2.0 300 133.72895515460544
2.0 400 126.12372953738051
2.0 500 122.91708446716733
2.0 600 120.47409050163802
2.0 700 119.64889082874333
2.1 300 143.45049461971632
2.1 400 127.94178142833898
2.1 500 125.36627748972812
2.1 600 123.26061989354596
2.1 700 121.302228476116
2.2 300 159.2560600648184
2.2 400 130.91762859107888
2.2 500 126.74045117691215
2.2 600 125.35843086635427
2.2 700 123.89708748814888
2.3 300 174.76532565624572
2.3 400 136.8764270196007
2.3 500 128.57811017463945
2.3 600 126.50101381130668
2.3 700 125.74749223913442
2.4 300 181.2828892542542
2.4 400 148.45803093146063
2.4 500 134.3098064250588
2.4 600 128.0628573542093
2.4 700 127.02911656722175
2.5 300 181.0650506977088
2.5 400 162.92888589490752
2.5 500 146.04390075382577
2.5 600 132.8910596867758
2.5 700 129.70794225942862
2.6 300 178.5016084014417
2.6 400 171.43900656715164
2.6 500 159.5979024594728
2.6 600 142.58184093019156
2.6 700 136.6849045936496
2.8 300 176.61930627493075
2.8 400 171.68146950978579
2.8 500 169.92983817980675
2.8 600 161.5311278220606
2.8 700 156.34272848175965
3.0 300 206.052141817131
3.0 400 168.7160849974595
3.0 500 167.36633884771
3.0 600 165.7658964429688
3.0 700 164.10763103912868
3.5 300 388.2539642306351
3.5 400 303.2663544912209
3.5 500 211.88334693031024
3.5 600 177.58704794285185
3.5 700 168.07719611687335
4.0 300 468.0102543640765
4.0 400 454.4273582523521
4.0 500 412.5253655353706
4.0 600 354.46252545749644
4.0 700 303.19910006266804
