0.1 400 19.852796688837167
0.2 400 11.60531513545456
0.3 400 9.18471843708209
0.4 400 7.70697018812042
0.5 400 7.094080577092777
0.6 400 6.46348994998463
0.7 400 6.15094815868812
0.8 400 5.663212576197511
0.9 400 5.4256128018358165
1.0 400 5.383340944632113
1.1 400 5.261196402825075
1.2 400 4.991627041150512
1.3 400 4.671035668347569
1.4 400 4.550232777977425
1.5 400 4.50893875401128
1.6 400 4.3590072345821325
1.7 400 4.152038421721781
1.8 400 4.049427924349004
1.9 400 3.978946978900433
2.0 400 3.8005593363393615
2.1 400 4.027338742315545
2.2 400 4.256967268023961
2.3 400 4.178464266508301
2.4 400 4.514392169248396
2.5 400 4.595401000611366
2.6 400 4.637204566750385
2.8 400 5.093015990393052
3.0 400 4.8649761900779
3.5 400 6.073701844229418
4.0 400 8.350002399109208
