0.1 300 14.666665741260292
0.2 300 10.685048164891375
0.3 300 10.139237350771714
0.4 300 9.590421463359059
0.5 300 9.010816117876361
0.6 300 8.78388841206626
0.7 300 8.115380049897455
0.8 300 7.471315885131739
0.9 300 6.980768237813668
1.0 300 6.624064035469225
1.1 300 6.143200429247177
1.2 300 5.6723601574897335
1.3 300 5.42069008627897
1.4 300 5.2419777000939956
1.5 300 5.125020423297118
1.6 300 4.9141601666148285
1.7 300 5.07207065734204
1.8 300 5.155537131881038
1.9 300 5.342393581414768
2.0 300 5.6382618269057545
2.1 300 6.58193751004584
2.2 300 6.280713495151633
2.3 300 5.6262185881097855
2.4 300 4.967653982707676
2.5 300 4.56825941208714
2.6 300 4.435502743866025
2.8 300 4.659469857742611
3.0 300 5.258708816790278
3.5 300 8.09513349262453
4.0 300 11.471095147261742
