0.1 400 52.013396805088604
0.2 400 53.931608717970654
0.3 400 42.622304239519615
0.4 400 25.50468401828749
0.5 400 22.22839552817302
0.6 400 22.93503879572556
0.7 400 17.95089105520319
0.8 400 15.721281524002622
0.9 400 15.900242249574541
1.0 400 15.305370987269475
1.1 400 14.831660500977895
1.2 400 14.633907492844711
1.3 400 15.019934653911529
1.4 400 14.638575460511634
1.5 400 14.783978180238702
1.6 400 14.82065577949363
1.7 400 14.751085085776262
1.8 400 14.666595795295814
1.9 400 14.37475090143282
2.0 400 14.577408643669738
2.1 400 15.97605921451322
2.2 400 18.355496624717837
2.3 400 19.94503093437158
2.4 400 22.02633347087335
2.5 400 17.77966666287265
2.6 400 18.995012894660764
2.8 400 23.20261803810691
3.0 400 29.351889147375662
3.5 400 51.92454421469376
4.0 400 107.16688796473937
