0.1 600 55.38509277084114
0.2 600 54.53048047795174
0.3 600 41.613037188138
0.4 600 27.415416181028505
0.5 600 24.207092419366134
0.6 600 21.52864160962677
0.7 600 17.74562614732847
0.8 600 15.899373271723318
0.9 600 15.623583990241178
1.0 600 15.919233618280842
1.1 600 16.375182610578268
1.2 600 16.923591324138208
1.3 600 17.329419852327007
1.4 600 17.64431881607914
1.5 600 17.83641647876799
1.6 600 18.528014043457784
1.7 600 18.476346613027097
1.8 600 18.27969161981543
1.9 600 18.284269476863145
2.0 600 18.55526155987567
2.1 600 18.22646391584782
2.2 600 17.6769146952802
2.3 600 17.166472299853222
2.4 600 17.152684627036706
2.5 600 17.588942267141853
2.6 600 17.796201691137085
2.8 600 19.45163967941719
3.0 600 21.73175160733506
3.5 600 31.072807095317927
4.0 600 51.55863122045278
