0.1 400 16.147547025434466
0.2 400 9.670083373600153
0.3 400 7.48395411121411
0.4 400 6.8109965318881045
0.5 400 6.415629063911882
0.6 400 6.287416086485868
0.7 400 5.906665038570542
0.8 400 5.621935598352684
0.9 400 5.548128135336592
1.0 400 5.472644666014049
1.1 400 5.111822727503669
1.2 400 4.825194797622206
1.3 400 4.7426818129252934
1.4 400 4.638583772478828
1.5 400 4.494725127999615
1.6 400 4.3034650787580695
1.7 400 4.183634033856682
1.8 400 4.131063735428629
1.9 400 4.091613520785838
2.0 400 4.114040685383876
2.1 400 4.148827973305614
2.2 400 4.199151970783704
2.3 400 4.388076900040612
2.4 400 4.410283100453912
2.5 400 4.698908742088058
2.6 400 4.653252876306508
2.8 400 4.5718734371888035
3.0 400 4.477043674542836
3.5 400 6.396313574329324
4.0 400 9.497787188965697
