0.1 300 254.95875154947237
0.2 300 113.5672759442338
0.3 300 101.84447136057285
0.4 300 100.25834493419684
0.5 300 105.77238900572954
0.6 300 105.62858009119189
0.7 300 106.43647786909148
0.8 300 107.61925858560525
0.9 300 109.97289415582289
1.0 300 112.90614282192554
1.1 300 117.15076873137205
1.2 300 122.08031401597508
1.3 300 127.29829547213845
1.4 300 133.73577635061758
1.5 300 149.54805141603998
1.6 300 173.03190500716337
1.7 300 181.6812427741658
1.8 300 179.30250932774882
1.9 300 175.9887350945842
2.0 300 179.79750171810468
2.1 300 206.0522966889059
2.2 300 261.5303765879518
2.3 300 323.36243596477834
2.4 300 370.6233237226633
2.5 300 403.07051240436965
2.6 300 427.4645391608902
2.8 300 468.0102486418043
3.0 300 508.70200144365606
3.5 300 626.4789461969481
4.0 300 773.7451560294888
