0.1 500 215.81322136940275
0.2 500 92.89454857662922
0.3 500 90.64015028678025
0.4 500 90.48539317650147
0.5 500 91.8319246906617
0.6 500 95.94661821549202
0.7 500 103.32186019214839
0.8 500 111.8448990807787
0.9 500 111.55375774195662
1.0 500 112.73933815162695
1.1 500 114.65095358361899
1.2 500 116.47683927495996
1.3 500 118.93159826754687
1.4 500 122.98272205525326
1.5 500 126.10241586421655
1.6 500 128.18582864091647
1.7 500 137.0423244315782
1.8 500 155.95624245028014
1.9 500 168.41190293746752
2.0 500 169.56803940079075
2.1 500 167.35403114624876
2.2 500 165.85527263805548
2.3 500 169.3340867758279
2.4 500 190.02823491654874
2.5 500 240.96900744058914
2.6 500 306.4101561452597
2.8 500 412.5275626830646
3.0 500 493.6541050021176
3.5 500 625.1501196826396
4.0 500 742.3579218944354
