0.1 500 11.912454167335937
0.2 500 8.488279960172324
0.3 500 7.716174489076856
0.4 500 7.628414658962663
0.5 500 7.531109727653753
0.6 500 7.279603352549553
0.7 500 6.928119429748794
0.8 500 6.557430703535825
0.9 500 6.391132098890345
1.0 500 6.326261142712479
1.1 500 6.068318466830268
1.2 500 5.658786141008804
1.3 500 5.241359721639894
1.4 500 4.95912397073794
1.5 500 4.7902133424159015
1.6 500 4.6478055756698
1.7 500 4.548410216715443
1.8 500 4.437177964005611
1.9 500 4.349927450837664
2.0 500 4.296468488556859
2.1 500 4.283330705365123
2.2 500 4.306004726699533
2.3 500 4.408329760958286
2.4 500 4.657766537650491
2.5 500 5.0750946091916
2.6 500 5.14909998556089
2.8 500 5.721284350887147
3.0 500 4.745453194751699
3.5 500 5.093543063976594
4.0 500 7.776469498112888
