0.1 600 11.176084353643217
0.2 600 9.387902911101566
0.3 600 8.51280509326959
0.4 600 8.394627198222933
0.5 600 8.066942381864148
0.6 600 7.658138478243385
0.7 600 7.158999975804486
0.8 600 6.801336401328697
0.9 600 6.419514466721353
1.0 600 6.318139940757011
1.1 600 6.284438442979753
1.2 600 6.04360299290028
1.3 600 5.651870967033135
1.4 600 5.32959431532412
1.5 600 5.150264198704478
1.6 600 4.951675499500822
1.7 600 4.742226667590581
1.8 600 4.6069801163425765
1.9 600 4.497631743328546
2.0 600 4.405812769584544
2.1 600 4.37404546224249
2.2 600 4.433852745049402
2.3 600 4.490207339861157
2.4 600 4.561057205593544
2.5 600 4.628944432056014
2.6 600 4.86423304314767
2.8 600 5.48854125135204
3.0 600 5.393270165130727
3.5 600 4.930878439523955
4.0 600 6.682886234670812
