0.1 600 44.930149680768444
0.2 600 15.368569925762108
0.3 600 12.29340418056581
0.4 600 10.305193333115355
0.5 600 10.952217011012992
0.6 600 11.686416432305458
0.7 600 12.24440373027229
0.8 600 12.723558812595401
0.9 600 13.152546227184795
1.0 600 14.138534495498527
1.1 600 14.803369721830116
1.2 600 15.41441117775054
1.3 600 15.908431118142309
1.4 600 15.956539866050308
1.5 600 15.138749607531281
1.6 600 15.104008008695502
1.7 600 15.412477585582648
1.8 600 16.104751694361095
1.9 600 16.765688016637196
2.0 600 16.795527633300285
2.1 600 15.90552742286831
2.2 600 16.617248842571033
2.3 600 17.610511555217876
2.4 600 16.19468110868382
2.5 600 17.13825964818407
2.6 600 18.44111932335443
2.8 600 21.89606576932906
3.0 600 26.76026059085427
3.5 600 47.207533709686196
4.0 600 65.83831214167047
