0.1 700 20.141307666831036
0.2 700 10.486249092041204
0.3 700 8.212312830594007
0.4 700 6.924463693472304
0.5 700 6.416495827641529
0.6 700 6.2538598857416305
0.7 700 6.305295987556325
0.8 700 6.226119260052177
0.9 700 6.218075766153593
1.0 700 6.162809450784645
1.1 700 6.026267197697787
1.2 700 5.916793320858714
1.3 700 5.742208926323751
1.4 700 5.5691333918793635
1.5 700 5.552296016138439
1.6 700 5.578973276229694
1.7 700 5.4994459926336665
1.8 700 5.338477546646393
1.9 700 5.295215506480496
2.0 700 5.159396464506672
2.1 700 4.987145870983807
2.2 700 4.7893681979950316
2.3 700 4.612468011295869
2.4 700 4.4517211751477435
2.5 700 4.375452146245006
2.6 700 4.350827538620235
2.8 700 4.389073925170811
3.0 700 4.459856900449386
3.5 700 4.6918921297020555
4.0 700 5.303221450946896
