0.1 600 11.156340141959808
0.2 600 9.396933555912057
0.3 600 8.513515427138161
0.4 600 8.394725720841768
0.5 600 8.066950950183237
0.6 600 7.658140304333504
0.7 600 7.159000245993522
0.8 600 6.801336449534118
0.9 600 6.419514476932797
1.0 600 6.318139942809761
1.1 600 6.284438443263168
1.2 600 6.0436029929704045
1.3 600 5.651870966882579
1.4 600 5.329594315406825
1.5 600 5.150264198425253
1.6 600 4.951675499788043
1.7 600 4.742226667560826
1.8 600 4.6069801154133
1.9 600 4.497631741984364
2.0 600 4.405812773147251
2.1 600 4.37404546224249
2.2 600 4.433852745049402
2.3 600 4.490207339861157
2.4 600 4.561057205593544
2.5 600 4.628944432056014
2.6 600 4.86423304314767
2.8 600 5.48854125135204
3.0 600 5.393270165130727
3.5 600 4.930878439523955
4.0 600 6.682886234670812
