0.1 300 24.66890436636999
0.1 400 26.844308392279302
0.1 500 28.150930559625188
0.1 600 31.37210108405558
0.1 700 31.619277047806182
0.2 300 12.528121552008706
0.2 400 11.174725110965463
0.2 500 12.021423118977179
0.2 600 11.63870451838153
0.2 700 11.538628314349628
0.3 300 11.804306304903534
0.3 400 11.83344901798975
0.3 500 11.229998861041668
0.3 600 10.33389946119526
0.3 700 10.253898349381155
0.4 300 11.063063337014698
0.4 400 8.877593669347776
0.4 500 8.600165793924818
0.4 600 8.908728819317629
0.4 700 10.023269584431981
0.5 300 8.352956242188286
0.5 400 8.056328965973648
0.5 500 9.094462072045486
0.5 600 10.516455974509816
0.5 700 12.004737090292895
0.6 300 8.062155176139806
0.6 400 8.857141997558385
0.6 500 10.31914298562043
0.6 600 11.617684012659012
0.6 700 12.68667022808585
0.7 300 8.572499759223307
0.7 400 9.421888886350768
0.7 500 11.116486636956944
0.7 600 12.31138641859672
0.7 700 13.225535133769803
0.8 300 9.469682539817201
0.8 400 9.931273304952759
0.8 500 11.505219591151471
0.8 600 12.749816823657692
0.8 700 13.758951614227618
0.9 300 10.295579808800309
0.9 400 10.81901565191158
0.9 500 12.450228469679343
0.9 600 13.310408808327853
0.9 700 13.809519780607893
1.0 300 10.495686552584049
1.0 400 12.136687786438717
1.0 500 13.34115690709646
1.0 600 14.223158641631011
1.0 700 14.320397461136109
1.1 300 10.946425741541832
1.1 400 13.165315643825645
1.1 500 14.153068262602735
1.1 600 14.876846548613353
1.1 700 14.975492173203778
1.2 300 12.934279010915043
1.2 400 13.630964283327549
1.2 500 14.75409274564036
1.2 600 15.483230020903592
1.2 700 15.718997613382557
1.3 300 16.161958923687376
1.3 400 14.04093564629508
1.3 500 15.301127407714779
1.3 600 15.96451158185136
1.3 700 15.884515419600415
1.4 300 18.412917145806187
1.4 400 15.09325251146073
1.4 500 15.06801144371478
1.4 600 16.25460353120526
1.4 700 15.462797064515836
1.5 300 16.858883545659292
1.5 400 17.338284383320612
1.5 500 15.202474814574234
1.5 600 15.202501690577064
1.5 700 15.397950196244592
1.6 300 15.76821447393155
1.6 400 19.755055661809696
1.6 500 16.020925038101286
1.6 600 15.147329179489091
1.6 700 15.400760559590204
1.7 300 15.691680581747452
1.7 400 20.48197291160842
1.7 500 17.857273635297076
1.7 600 15.434794486451525
1.7 700 15.311459763664745
1.8 300 15.97213037342779
1.8 400 18.475469973418335
1.8 500 19.998600320874708
1.8 600 16.115024842789015
1.8 700 15.552235698837377
1.9 300 16.698127528112696
1.9 400 18.777243689128667
1.9 500 17.149196068402436
1.9 600 16.772922936284537
1.9 700 15.640427443781123
2.0 300 17.869675578703067
2.0 400 17.921964494917393
2.0 500 16.656664172869338
2.0 600 16.804718803362924
2.0 700 15.446662974567822
2.1 300 19.36337640535419
2.1 400 17.541662373418518
2.1 500 15.508543402470952
2.1 600 15.91577874046914
2.1 700 15.31621139796912
2.2 300 23.30738698270242
2.2 400 15.673200352433623
2.2 500 15.61769526565647
2.2 600 16.622569887688
2.2 700 15.300244475547274
2.3 300 16.86234853594685
2.3 400 16.47137773970674
2.3 500 15.869079043216383
2.3 600 17.61378881879707
2.3 700 16.019449957967716
2.4 300 17.85592306731964
2.4 400 17.45265895939419
2.4 500 16.970376895843014
2.4 600 16.198412812595162
2.4 700 15.864999375556021
2.5 300 19.757753905623193
2.5 400 18.69728152241569
2.5 500 18.32061236375125
2.5 600 17.140109002860125
2.5 700 16.779664648087383
2.6 300 21.252347178408847
2.6 400 19.954302991099272
2.6 500 19.793256241530116
2.6 600 18.44180648111235
2.6 700 18.007094909785998
2.8 300 26.37992072994423
2.8 400 23.836026568680673
2.8 500 23.20333574856784
2.8 600 21.89518470750987
2.8 700 21.00988375297556
3.0 300 34.37518764524175
3.0 400 29.726789966101865
3.0 500 27.801114197939484
3.0 600 26.75779758888457
3.0 700 25.677082746418005
3.5 300 50.60603405692097
3.5 400 49.82488683039457
3.5 500 49.147506827345424
3.5 600 47.19866046773081
3.5 700 45.3986695119225
4.0 300 63.17260914532642
4.0 400 68.99822635206235
4.0 500 69.23436485268296
4.0 600 65.8377850577595
4.0 700 65.39205200760155
