0.1 600 53.4866985287258
0.2 600 49.76383289181001
0.3 600 31.683807841647678
0.4 600 23.4583369344984
0.5 600 22.704050443950663
0.6 600 18.18001193280956
0.7 600 14.940113788933154
0.8 600 14.57632253333277
0.9 600 14.469400852920671
1.0 600 14.989719645177763
1.1 600 16.10213597736536
1.2 600 17.015056001374944
1.3 600 17.479915997359488
1.4 600 17.898524087965896
1.5 600 18.035324337182903
1.6 600 17.352739405374514
1.7 600 17.224909016943553
1.8 600 17.218658681081187
1.9 600 17.170462727738688
2.0 600 16.920034209042473
2.1 600 16.188495263853792
2.2 600 15.644773490749639
2.3 600 15.682913196696232
2.4 600 16.177188967824403
2.5 600 16.51638324007155
2.6 600 17.342965082100857
2.8 600 19.44017155343015
3.0 600 23.125736547147927
3.5 600 38.15071330941701
4.0 600 71.44784659784817
