0.1 300 14.653454349219254
0.1 400 12.916750307488657
0.1 500 11.98729968242936
0.1 600 11.160791372877338
0.1 700 10.784427336953515
0.2 300 10.69574565566591
0.2 400 10.091630487493273
0.2 500 9.736761216616618
0.2 600 9.397849350129377
0.2 700 9.124696375846323
0.3 300 10.140213241019351
0.3 400 9.295538655900174
0.3 500 8.78273283095858
0.3 600 8.513543456706792
0.3 700 8.436099585441687
0.4 300 9.590533849670164
0.4 400 9.072568022660247
0.4 500 8.593056838042678
0.4 600 8.394727215994823
0.4 700 7.923411617491104
0.5 300 9.010831704958067
0.5 400 8.802677195227796
0.5 500 8.211219997850451
0.5 600 8.066950987360968
0.5 700 7.7770610738816455
0.6 300 8.783891715612747
0.6 400 7.898438809269885
0.6 500 7.689737857858594
0.6 600 7.658140308192392
0.6 700 7.5005906824282285
0.7 300 8.115380660617047
0.7 400 7.493006217658038
0.7 500 7.180176802499794
0.7 600 7.159000246159919
0.7 700 7.108660857432724
0.8 300 7.471315938596299
0.8 400 7.1514145525117785
0.8 500 6.738547115651306
0.8 600 6.801336449535076
0.8 700 6.917681117484673
0.9 300 6.980768245405635
0.9 400 6.910457138599302
0.9 500 6.516284392248134
0.9 600 6.419514476932795
0.9 700 6.52580986740486
1.0 300 6.624064037559828
1.0 400 6.555461216930739
1.0 500 6.435533197182615
1.0 600 6.318139942796998
1.0 700 6.284815928977655
1.1 300 6.143200429709125
1.1 400 6.132323671333507
1.1 500 6.166767674584473
1.1 600 6.284438443245657
1.1 700 6.2730721454975455
1.2 300 5.672360157783611
1.2 400 5.629241584932863
1.2 500 5.730208881650755
1.2 600 6.043602993050555
1.2 700 6.107115836543375
1.3 300 5.420690086369856
1.3 400 5.292723213001128
1.3 500 5.288609556685026
1.3 600 5.651870966962155
1.3 700 5.803628680679378
1.4 300 5.241977699961018
1.4 400 5.07940659108491
1.4 500 4.9923132383810405
1.4 600 5.329594315406825
1.4 700 5.5499507856279555
1.5 300 5.1250204221005164
1.5 400 4.864935737991997
1.5 500 4.817363037294752
1.5 600 5.150264198425253
1.5 700 5.288495454584122
1.6 300 4.914160165907089
1.6 400 4.700813344353895
1.6 500 4.672632629150496
1.6 600 4.951675499788043
1.6 700 5.021461720502782
1.7 300 5.072070656471865
1.7 400 4.568805690975696
1.7 500 4.573121767419239
1.7 600 4.742226667560826
1.7 700 4.81403730481834
1.8 300 5.15553712871914
1.8 400 4.49831312479982
1.8 500 4.461387497303891
1.8 600 4.6069801154133
1.8 700 4.655350998075685
1.9 300 5.34239359792131
1.9 400 4.415367630878768
1.9 500 4.37170227574074
1.9 600 4.497631741984364
1.9 700 4.527959793882807
2.0 300 5.638261805094968
2.0 400 4.358392999840108
2.0 500 4.31421558016382
2.0 600 4.405812773147251
2.0 700 4.434138058725448
2.1 300 6.58193751004584
2.1 400 4.346834494264427
2.1 500 4.296417182673324
2.1 600 4.37404546224249
2.1 700 4.404264673113498
2.2 300 6.280713495151633
2.2 400 4.429081997809719
2.2 500 4.314752652447445
2.2 600 4.433852745049402
2.2 700 4.472619259878525
2.3 300 5.6262185881097855
2.3 400 4.631679401843532
2.3 500 4.412944786643109
2.3 600 4.490207339861157
2.3 700 4.532898539007526
2.4 300 4.967653982707676
2.4 400 4.653380011949328
2.4 500 4.658858258802799
2.4 600 4.561057205593544
2.4 700 4.610255891561467
2.5 300 4.56825941208714
2.5 400 4.972550278075884
2.5 500 5.073572884401797
2.5 600 4.628944432056014
2.5 700 4.682647468718529
2.6 300 4.435502743866025
2.6 400 4.930493784227513
2.6 500 5.147356741967884
2.6 600 4.86423304314767
2.6 700 4.596595468414249
2.8 300 4.659469857742611
2.8 400 4.300972558377738
2.8 500 5.719213408334962
2.8 600 5.48854125135204
2.8 700 4.828265638203711
3.0 300 5.258708816790278
3.0 400 4.322149360131237
3.0 500 4.744859022868788
3.0 600 5.393270165130727
3.0 700 4.9771414138355965
3.5 300 8.09513349262453
3.5 400 6.1785843024485585
3.5 500 5.093831036947312
3.5 600 4.930878439523955
3.5 700 5.193890532065134
4.0 300 11.471095147261742
4.0 400 9.473212972573387
4.0 500 7.776485619335832
4.0 600 6.682886234670812
4.0 700 6.061467907369914
