0.1 600 127.19602858726475
0.2 600 95.04893889514501
0.3 600 91.73954131130012
0.4 600 92.02640454675948
0.5 600 94.11658224844652
0.6 600 97.83406413707606
0.7 600 106.56189054401099
0.8 600 118.23847055545524
0.9 600 117.639142282107
1.0 600 117.24498767912579
1.1 600 117.54792073983234
1.2 600 118.46655886077563
1.3 600 119.49661573685701
1.4 600 120.47231230632235
1.5 600 124.30787079010474
1.6 600 126.35900360645732
1.7 600 128.96703002948675
1.8 600 139.4305012449567
1.9 600 155.1215724902609
2.0 600 163.95262091095012
2.1 600 165.76578687299525
2.2 600 165.24243698184617
2.3 600 165.33184243185218
2.4 600 170.14838459022323
2.5 600 191.16581402247047
2.6 600 239.37193881444068
2.8 600 354.4623750364394
3.0 600 459.7903800817913
3.5 600 624.5322067905535
4.0 600 741.8128093395195
