0.1 600 258.0968845692846
0.2 600 105.94147428411772
0.3 600 87.99648645566117
0.4 600 90.59993036112542
0.5 600 88.17421665025364
0.6 600 90.31684533168632
0.7 600 92.64814806698311
0.8 600 94.68949706560186
0.9 600 98.87909361524811
1.0 600 106.60154595202751
1.1 600 115.98001645466005
1.2 600 119.96811589755005
1.3 600 117.6626180135901
1.4 600 116.800246738481
1.5 600 117.24229828502638
1.6 600 117.59342899978836
1.7 600 118.15411942811993
1.8 600 118.76218410352364
1.9 600 119.34218327233226
2.0 600 120.47409050163802
2.1 600 123.26061989354596
2.2 600 125.35843086635427
2.3 600 126.50101381130668
2.4 600 128.0628573542093
2.5 600 132.8910596867758
2.6 600 142.58184093019156
2.8 600 161.5311278220606
3.0 600 165.7658964429688
3.5 600 177.58704794285185
4.0 600 354.46252545749644
