0.1 400 18.646609220147866
0.2 400 10.277585974004507
0.3 400 8.112436485093363
0.4 400 7.180404449869306
0.5 400 6.487805507398277
0.6 400 6.249288727551477
0.7 400 5.86088769293624
0.8 400 5.4859694582180865
0.9 400 5.375735128695596
1.0 400 5.322001321720815
1.1 400 5.112084094042183
1.2 400 4.768929078098744
1.3 400 4.620098026573411
1.4 400 4.586536004993064
1.5 400 4.454221496758149
1.6 400 4.294618164988187
1.7 400 4.1188375197977924
1.8 400 4.029097316510198
1.9 400 3.9888202638417725
2.0 400 3.99709076685353
2.1 400 4.0236609746190295
2.2 400 4.1699780465944185
2.3 400 4.241039652166167
2.4 400 4.292003755988995
2.5 400 4.576046396690158
2.6 400 4.980095560930255
2.8 400 4.936891188807901
3.0 400 4.6566089645083135
3.5 400 6.415511780133267
4.0 400 9.120151916022976
