0.1 600 11.578254462676787
0.2 600 8.279899349462747
0.3 600 6.643084362209264
0.4 600 6.393760557670402
0.5 600 6.171305034672821
0.6 600 6.3147705059303565
0.7 600 6.059257603952049
0.8 600 5.838347522798712
0.9 600 5.455704656241438
1.0 600 5.4381934126397375
1.1 600 5.493012243834846
1.2 600 5.236001361705369
1.3 600 5.067093138453362
1.4 600 4.936987967681705
1.5 600 4.738198103672703
1.6 600 4.491112845054236
1.7 600 4.2626756391692915
1.8 600 4.171208219982824
1.9 600 4.162183086290188
2.0 600 4.218889761136682
2.1 600 4.2527417922227535
2.2 600 4.397855082352189
2.3 600 4.505833805480957
2.4 600 4.8601044650444525
2.5 600 4.99593147462666
2.6 600 5.569366493809195
2.8 600 6.366528393992335
3.0 600 6.366963661198861
3.5 600 5.465828533476848
4.0 600 6.8330200643426435
