0.1 400 57.493422185948965
0.2 400 50.127228732252505
0.3 400 55.61545820408274
0.4 400 44.557711579749885
0.5 400 28.83411109640253
0.6 400 20.11935324985281
0.7 400 22.810721679499814
0.8 400 21.215040399362415
0.9 400 18.376991929146342
1.0 400 17.108703136529588
1.1 400 16.597489253212057
1.2 400 16.0997168901045
1.3 400 15.639973210883642
1.4 400 15.234964067180256
1.5 400 15.117491080232405
1.6 400 15.344363854480424
1.7 400 15.485864745368819
1.8 400 15.62084256718326
1.9 400 15.898986693356381
2.0 400 16.09981504293785
2.1 400 16.044219405071505
2.2 400 16.34948777877964
2.3 400 16.530355232129534
2.4 400 16.873609812481178
2.5 400 17.44042683543057
2.6 400 18.1804172938113
2.8 400 19.80921996044891
3.0 400 21.914729529591046
3.5 400 29.908418714844522
4.0 400 45.63053673779678
