0.1 400 58.038414049254065
0.2 400 53.475680341982375
0.3 400 59.294568646270044
0.4 400 50.08095841988469
0.5 400 40.721307464132195
0.6 400 29.33612848021671
0.7 400 23.73438860883813
0.8 400 23.765786323029644
0.9 400 24.376296109746605
1.0 400 23.078563868509445
1.1 400 20.476544550106084
1.2 400 18.14369161493871
1.3 400 17.564025104450053
1.4 400 18.114558514759835
1.5 400 17.60621846186207
1.6 400 17.116930817458012
1.7 400 16.383777299262754
1.8 400 15.65951815190022
1.9 400 15.386950779032256
2.0 400 15.297160593925428
2.1 400 15.240557486457142
2.2 400 15.42078409606653
2.3 400 15.569679374248214
2.4 400 15.718140599936897
2.5 400 15.77589891313995
2.6 400 15.827898649980922
2.8 400 16.084270685061238
3.0 400 15.775244381545514
3.5 400 16.829945195317872
4.0 400 20.914258498745113
