0.1 400 55.55869636331406
0.2 400 58.13393628799496
0.3 400 55.185163434052015
0.4 400 47.02178905983513
0.5 400 35.08349892767463
0.6 400 28.040498410802357
0.7 400 26.52982276953982
0.8 400 27.78761737071024
0.9 400 27.449005336061592
1.0 400 24.269575612748138
1.1 400 23.762640098764127
1.2 400 23.401938894862678
1.3 400 22.18986248671181
1.4 400 20.781358169817043
1.5 400 19.927166780229022
1.6 400 18.730400604670077
1.7 400 17.80512896638683
1.8 400 17.30813826584884
1.9 400 20.35513849301707
2.0 400 18.364991992425924
2.1 400 18.495192542047118
2.2 400 19.266623969705215
2.3 400 19.497388637439016
2.4 400 19.898923301124647
2.5 400 20.454761265971637
2.6 400 21.33405432698272
2.8 400 22.628495710270816
3.0 400 24.757349984069645
3.5 400 30.868133437376077
4.0 400 37.85944898395448
