0.1 300 14.666665741260292
0.1 400 12.96073253669504
0.1 500 12.011224480293372
0.1 600 11.176084353643217
0.1 700 10.685446153166609
0.2 300 10.685048164891375
0.2 400 10.081124410466566
0.2 500 9.726020986032433
0.2 600 9.387902911101566
0.2 700 9.11446502967176
0.3 300 10.139237350771714
0.3 400 9.29449109969926
0.3 500 8.782038566683596
0.3 600 8.51280509326959
0.3 700 8.435333324633964
0.4 300 9.590421463359059
0.4 400 9.072476493016696
0.4 500 8.592957392017414
0.4 600 8.394627198222933
0.4 700 7.923310725753265
0.5 300 9.010816117876361
0.5 400 8.802663512933457
0.5 500 8.21120277383723
0.5 600 8.066942381864148
0.5 700 7.777049783960503
0.6 300 8.78388841206626
0.6 400 7.8984370020013985
0.6 500 7.689736612107002
0.6 600 7.658138478243385
0.6 700 7.500588847903739
0.7 300 8.115380049897455
0.7 400 7.493005806457838
0.7 500 7.180176605268172
0.7 600 7.158999975804486
0.7 700 7.108660521878395
0.8 300 7.471315885131739
0.8 400 7.151414467779379
0.8 500 6.738547072974313
0.8 600 6.801336401328697
0.8 700 6.917681064925538
0.9 300 6.980768237813668
0.9 400 6.910457126891101
0.9 500 6.516284386497191
0.9 600 6.419514466721353
0.9 700 6.5258098567487535
1.0 300 6.624064035469225
1.0 400 6.555461215719824
1.0 500 6.435533196449902
1.0 600 6.318139940757011
1.0 700 6.284815927288022
1.1 300 6.143200429247177
1.1 400 6.132323671171846
1.1 500 6.166767674402795
1.1 600 6.284438442979753
1.1 700 6.273072145186769
1.2 300 5.6723601574897335
1.2 400 5.6292415849778354
1.2 500 5.730208881522891
1.2 600 6.04360299290028
1.2 700 6.107115836503169
1.3 300 5.42069008627897
1.3 400 5.292723212798473
1.3 500 5.288609556652903
1.3 600 5.651870967033135
1.3 700 5.803628680651976
1.4 300 5.2419777000939956
1.4 400 5.0794065909833845
1.4 500 4.992313238685033
1.4 600 5.32959431532412
1.4 700 5.549950785790335
1.5 300 5.125020423297118
1.5 400 4.864935738276776
1.5 500 4.817363038152167
1.5 600 5.150264198704478
1.5 700 5.288495454613474
1.6 300 4.9141601666148285
1.6 400 4.700813345115065
1.6 500 4.672632627890589
1.6 600 4.951675499500822
1.6 700 5.0214617206018675
1.7 300 5.07207065734204
1.7 400 4.568805689571961
1.7 500 4.573121766904744
1.7 600 4.742226667590581
1.7 700 4.814037303499327
1.8 300 5.155537131881038
1.8 400 4.498313124513497
1.8 500 4.461387499363595
1.8 600 4.6069801163425765
1.8 700 4.655350997053552
1.9 300 5.342393581414768
1.9 400 4.415367627919178
1.9 500 4.371702276137369
1.9 600 4.497631743328546
1.9 700 4.527959792790406
2.0 300 5.6382618269057545
2.0 400 4.35839299721679
2.0 500 4.314215572447875
2.0 600 4.405812769584544
2.0 700 4.434138050176695
2.1 300 6.58193751004584
2.1 400 4.346834494264427
2.1 500 4.296417182673324
2.1 600 4.37404546224249
2.1 700 4.404264673113498
2.2 300 6.280713495151633
2.2 400 4.429081997809719
2.2 500 4.314752652447445
2.2 600 4.433852745049402
2.2 700 4.472619259878525
2.3 300 5.6262185881097855
2.3 400 4.631679401843532
2.3 500 4.412944786643109
2.3 600 4.490207339861157
2.3 700 4.532898539007526
2.4 300 4.967653982707676
2.4 400 4.653380011949328
2.4 500 4.658858258802799
2.4 600 4.561057205593544
2.4 700 4.610255891561467
2.5 300 4.56825941208714
2.5 400 4.972550278075884
2.5 500 5.073572884401797
2.5 600 4.628944432056014
2.5 700 4.682647468718529
2.6 300 4.435502743866025
2.6 400 4.930493784227513
2.6 500 5.147356741967884
2.6 600 4.86423304314767
2.6 700 4.596595468414249
2.8 300 4.659469857742611
2.8 400 4.300972558377738
2.8 500 5.719213408334962
2.8 600 5.48854125135204
2.8 700 4.828265638203711
3.0 300 5.258708816790278
3.0 400 4.322149360131237
3.0 500 4.744859022868788
3.0 600 5.393270165130727
3.0 700 4.9771414138355965
3.5 300 8.09513349262453
3.5 400 6.1785843024485585
3.5 500 5.093831036947312
3.5 600 4.930878439523955
3.5 700 5.193890532065134
4.0 300 11.471095147261742
4.0 400 9.473212972573387
4.0 500 7.776485619335832
4.0 600 6.682886234670812
4.0 700 6.061467907369914
