0.1 300 55.67361770625176
0.2 300 59.65564961220957
0.3 300 54.240785269360174
0.4 300 49.00281001796317
0.5 300 42.22706551500891
0.6 300 31.023031566712316
0.7 300 25.733617855279373
0.8 300 22.769284508075252
0.9 300 22.94836221428241
1.0 300 24.11632307108279
1.1 300 28.501944795490996
1.2 300 23.133230988617854
1.3 300 21.126018109362125
1.4 300 19.64862613250007
1.5 300 19.118412776857436
1.6 300 18.852715787341772
1.7 300 19.070026845282925
1.8 300 19.394035398971102
1.9 300 19.289787424614875
2.0 300 19.202315534606022
2.1 300 19.01234422914956
2.2 300 19.42875540777614
2.3 300 19.764819382297592
2.4 300 20.35383663415364
2.5 300 21.147316700510157
2.6 300 22.10524301240807
2.8 300 24.339905355771478
3.0 300 25.850511709605794
3.5 300 32.44721590571723
4.0 300 38.21453132913234
