0.1 700 13.952238957180606
0.2 700 8.416702373063089
0.3 700 6.672472994559965
0.4 700 6.284455647480028
0.5 700 6.339765483381093
0.6 700 6.2569454369864355
0.7 700 6.202985730424311
0.8 700 6.025083709281462
0.9 700 5.813615297681667
1.0 700 5.588215786670298
1.1 700 5.625020500258807
1.2 700 5.48167873916057
1.3 700 5.360639261247486
1.4 700 5.198711626818704
1.5 700 4.962184153852751
1.6 700 4.655083862665791
1.7 700 4.468192660066157
1.8 700 4.394969871588671
1.9 700 4.38529993078096
2.0 700 4.350143302957314
2.1 700 4.441900379440468
2.2 700 4.502971336419883
2.3 700 4.602037860123775
2.4 700 4.713692440795707
2.5 700 4.807509294485377
2.6 700 4.869121881703848
2.8 700 5.238428655862978
3.0 700 5.089508533405626
3.5 700 5.356456675972379
4.0 700 6.098199255734131
