0.1 400 175.59848706163396
0.2 400 96.82718842050724
0.3 400 95.05565969754115
0.4 400 96.59508417658395
0.5 400 96.55582144737285
0.6 400 101.470774101694
0.7 400 108.44769756651073
0.8 400 113.53025093619559
0.9 400 111.90187059242038
1.0 400 112.88444682949103
1.1 400 114.62237482786377
1.2 400 117.79717631136084
1.3 400 122.15601488805443
1.4 400 126.12242059438374
1.5 400 128.97376965604096
1.6 400 135.74366777952525
1.7 400 152.71103827710573
1.8 400 169.84505029360375
1.9 400 173.0217611010046
2.0 400 170.4882190872187
2.1 400 168.71614096784486
2.2 400 175.5932587378757
2.3 400 208.12018052163393
2.4 400 269.7251610528763
2.5 400 334.0336855009402
2.6 400 383.82719379249517
2.8 400 454.4273074544105
3.0 400 505.7899590706029
3.5 400 625.3395735185761
4.0 400 744.2493601020456
