0.1 500 11.961812452103901
0.2 500 9.591947157258856
0.3 500 8.74439456234508
0.4 500 8.57965316535316
0.5 500 8.206434042576529
0.6 500 7.688833493299473
0.7 500 7.179851115070757
0.8 500 6.738394545100289
0.9 500 6.516219471157525
1.0 500 6.4354966819816255
1.1 500 6.1667481111083005
1.2 500 5.730198953460279
1.3 500 5.288604137873697
1.4 500 4.992310330604946
1.5 500 4.817361763522571
1.6 500 4.672632079818262
1.7 500 4.573121546294412
1.8 500 4.461387397974711
1.9 500 4.37170222981682
2.0 500 4.31421555883204
2.1 500 4.29641716629578
2.2 500 4.31475266564217
2.3 500 4.412944812539158
2.4 500 4.658858116935984
2.5 500 5.073572765151504
2.6 500 5.147356096763671
2.8 500 5.7192134435487265
3.0 500 4.7448550160950616
3.5 500 5.093830651514059
4.0 500 7.776484429333415
