0.1 500 13.747269042195828
0.2 500 8.693266228668357
0.3 500 7.336442963829123
0.4 500 7.0851085370775655
0.5 500 6.860399923792621
0.6 500 6.766234485293561
0.7 500 6.498712939319222
0.8 500 6.1849287266842286
0.9 500 6.038321787787198
1.0 500 6.019356320333043
1.1 500 5.756247727314416
1.2 500 5.42617317335004
1.3 500 5.1076140802755425
1.4 500 4.878440245512946
1.5 500 4.719873085022557
1.6 500 4.59940941550077
1.7 500 4.470710872093578
1.8 500 4.355660547470181
1.9 500 4.270432069434796
2.0 500 4.227025414893371
2.1 500 4.230537533720409
2.2 500 4.3185417295366
2.3 500 4.568002979629481
2.4 500 4.689783255198862
2.5 500 5.13828825841065
2.6 500 5.2074721017075225
2.8 500 5.786095250925739
3.0 500 4.769857313608625
3.5 500 5.092779763028959
4.0 500 7.776648046991081
