0.1 700 16.832890887717184
0.2 700 9.603203779808332
0.3 700 7.0107038721284445
0.4 700 6.2791064244594645
0.5 700 6.100720021965601
0.6 700 5.905695726261856
0.7 700 5.915731118246668
0.8 700 5.744843357756801
0.9 700 5.527071792322196
1.0 700 5.260525384396571
1.1 700 5.1524853055195825
1.2 700 5.188529654091933
1.3 700 4.996674116202002
1.4 700 4.662541751932212
1.5 700 4.567680891216429
1.6 700 4.508152714277794
1.7 700 4.327908310873487
1.8 700 4.128056326979002
1.9 700 4.09990996743819
2.0 700 4.234286201269344
2.1 700 4.352972546064673
2.2 700 4.44624057793643
2.3 700 4.522675897434892
2.4 700 4.335910723187233
2.5 700 4.4019680855967485
2.6 700 4.477956470951254
2.8 700 4.888777687338355
3.0 700 5.521636725395064
3.5 700 6.671968178727283
4.0 700 6.608519647624288
