0.1 300 18.220616848445516
0.2 300 10.24200771728463
0.3 300 8.480754555471895
0.4 300 7.990960042183145
0.5 300 7.327798522718341
0.6 300 6.936470944507938
0.7 300 6.666162765377338
0.8 300 6.23528088912488
0.9 300 5.988130163553458
1.0 300 5.673489481934168
1.1 300 5.419290749433053
1.2 300 5.162106933301668
1.3 300 5.000366396466433
1.4 300 4.905310342578016
1.5 300 4.8250189514782384
1.6 300 4.66222123506323
1.7 300 4.4834978839628565
1.8 300 4.599274503888891
1.9 300 5.013519511406069
2.0 300 5.774085530967222
2.1 300 6.858992604774248
2.2 300 7.245589849201833
2.3 300 6.332188681046403
2.4 300 5.327066491377811
2.5 300 4.6698947275707745
2.6 300 4.422259224672628
2.8 300 4.600190296523741
3.0 300 5.207508292540767
3.5 300 8.08159460048968
4.0 300 11.454280174247305
