0.1 300 13.447322033297652
0.2 300 7.224569585843925
0.3 300 5.9935775614153775
0.4 300 5.375580184965165
0.5 300 4.80194534382743
0.6 300 4.324980060167099
0.7 300 4.086306984764002
0.8 300 3.7843607682448863
0.9 300 3.6212739223691917
1.0 300 3.3871345668662305
1.1 300 3.174227837542136
1.2 300 3.053939771543658
1.3 300 2.9594179414829687
1.4 300 2.873789099463739
1.5 300 2.833082454957605
1.6 300 2.7845046752655644
1.7 300 2.7315453027601597
1.8 300 2.6952818799755196
1.9 300 2.6877288782949393
2.0 300 2.7256269631198955
2.1 300 2.7385386062174075
2.2 300 2.8156588210104387
2.3 300 2.8175522702783216
2.4 300 2.809142983475047
2.5 300 2.7423360259636773
2.6 300 2.7884906158672482
2.8 300 3.099036689838781
3.0 300 3.632916760904483
3.5 300 5.927460949221545
4.0 300 8.78352967873235
