0.1 600 27.480380302973845
0.2 600 14.816961730652991
0.3 600 7.582640602138089
0.4 600 7.770069585802739
0.5 600 7.9628534154288575
0.6 600 8.2125179113588
0.7 600 8.54091482455066
0.8 600 8.903342101278723
0.9 600 8.960477431144412
1.0 600 8.81225176138356
1.1 600 8.966239809742914
1.2 600 9.005443492390329
1.3 600 9.06110074455041
1.4 600 9.295541350885305
1.5 600 9.498457238559878
1.6 600 9.55712842877546
1.7 600 9.48448910301359
1.8 600 9.522530272957242
1.9 600 9.666443443446104
2.0 600 9.85890872776052
2.1 600 10.071978135202142
2.2 600 10.379447226010143
2.3 600 10.784563988066497
2.4 600 11.28171014631249
2.5 600 12.247227983588985
2.6 600 12.95657915379133
2.8 600 14.273252037055245
3.0 600 15.803992698076128
3.5 600 20.55746865487319
4.0 600 26.47374832781309
