0.1 500 15.536099337204035
0.2 500 7.946528995703135
0.3 500 6.194366527841845
0.4 500 5.192117672387377
0.5 500 4.679673938886404
0.6 500 4.19970239736507
0.7 500 4.008976138977506
0.8 500 3.7863816812631415
0.9 500 3.5237628972819475
1.0 500 3.339439467213331
1.1 500 3.2143161774681097
1.2 500 3.108295222345383
1.3 500 2.9323052361552917
1.4 500 2.762451754487069
1.5 500 2.6835906755913537
1.6 500 2.6084736563043576
1.7 500 2.5524501931084504
1.8 500 2.5015951294516947
1.9 500 2.439182124719638
2.0 500 2.4009457041940077
2.1 500 2.399655737591326
2.2 500 2.393320027410763
2.3 500 2.4062935313215763
2.4 500 2.4465933543033835
2.5 500 2.4732152270564143
2.6 500 2.5027666774322492
2.8 500 2.6174376928686653
3.0 500 2.7287989169053537
3.5 500 3.7342334925410827
4.0 500 5.261634538744347
