0.1 400 206.41043745592958
0.2 400 79.45217275082815
0.3 400 55.874000647909796
0.4 400 54.89932991687936
0.5 400 59.314866231818925
0.6 400 69.49466876326362
0.7 400 76.60843151195145
0.8 400 81.02642127489318
0.9 400 84.62683223374907
1.0 400 84.61850255119903
1.1 400 85.59049320173104
1.2 400 88.08389453770182
1.3 400 93.70418308417925
1.4 400 99.62839626167933
1.5 400 102.25295593420498
1.6 400 106.2220746366466
1.7 400 119.73087678426988
1.8 400 134.89242381871216
1.9 400 139.67344084258843
2.0 400 139.70183708619095
2.1 400 140.43307017988008
2.2 400 146.86969810496538
2.3 400 168.4555291587553
2.4 400 210.51592672537058
2.5 400 259.9084444598379
2.6 400 298.7264657685989
2.8 400 353.635513864288
3.0 400 393.1951012523772
3.5 400 495.2841264618048
4.0 400 615.3476726692024
