0.1 300 174.951051301477
0.2 300 71.37257271237381
0.3 300 58.10246484908076
0.4 300 59.28200636924386
0.5 300 66.09674345842302
0.6 300 72.74064811376128
0.7 300 73.70987275827991
0.8 300 77.23460426503402
0.9 300 81.36703388632318
1.0 300 85.04805445822637
1.1 300 89.72131525553233
1.2 300 96.85977756224545
1.3 300 102.50716262213153
1.4 300 106.25160469190354
1.5 300 119.58147665200954
1.6 300 139.01519505221094
1.7 300 146.68583819931456
1.8 300 146.33586229764342
1.9 300 145.84939045900438
2.0 300 151.05534463571914
2.1 300 170.25405579116614
2.2 300 208.54025870849932
2.3 300 254.63689372539028
2.4 300 289.9529538182195
2.5 300 313.29355123787883
2.6 300 330.6830000252194
2.8 300 360.34362459911324
3.0 300 391.385027729689
3.5 300 495.35004927115034
4.0 300 648.3968736380559
