0.1 500 13.537453398343088
0.2 500 7.138607334723094
0.3 500 5.290061851929742
0.4 500 4.650472020483314
0.5 500 4.288320894333293
0.6 500 3.9953644603840663
0.7 500 3.8573980119703464
0.8 500 3.609244137699065
0.9 500 3.387592815675326
1.0 500 3.278184110126144
1.1 500 3.2342141976287637
1.2 500 3.0649698899539235
1.3 500 2.858599210991065
1.4 500 2.7726760047024284
1.5 500 2.7166279225042116
1.6 500 2.672201554208178
1.7 500 2.6026692634124227
1.8 500 2.548651644157616
1.9 500 2.502400524685284
2.0 500 2.4739406863013484
2.1 500 2.4585737044192784
2.2 500 2.4604451701469148
2.3 500 2.4700073537400415
2.4 500 2.4865227266110894
2.5 500 2.5175240131752123
2.6 500 2.559517832628996
2.8 500 2.659268997816271
3.0 500 2.768493118297314
3.5 500 3.9898530824461007
4.0 500 5.624927185742091
