0.1 400 15.577245823201439
0.2 400 8.494543627207339
0.3 400 6.687944256560342
0.4 400 5.631308401331094
0.5 400 5.286871799434957
0.6 400 4.9428662057921855
0.7 400 4.664614421339172
0.8 400 4.626735778874916
0.9 400 4.42930857915162
1.0 400 4.173280717311072
1.1 400 3.998236094679438
1.2 400 3.898932879469201
1.3 400 3.863572594773504
1.4 400 3.7964699844618877
1.5 400 3.612884625606666
1.6 400 3.401143022734319
1.7 400 3.2419275291298497
1.8 400 3.1367003814529917
1.9 400 3.0591839215070205
2.0 400 3.007362291858905
2.1 400 2.999290799653371
2.2 400 2.93244644208734
2.3 400 2.898325122126734
2.4 400 2.8428130019458404
2.5 400 2.804390116121557
2.6 400 2.7449454468309806
2.8 400 2.6716229203666555
3.0 400 2.6241033150764523
3.5 400 2.6887649313338824
4.0 400 2.70169336640545
