0.1 600 30.567135208278305
0.2 600 29.487586188455673
0.3 600 24.48041135584683
0.4 600 18.435761983577002
0.5 600 15.981171849630067
0.6 600 14.256966639441634
0.7 600 12.665505177488027
0.8 600 11.358770485347142
0.9 600 11.829535484632443
1.0 600 11.661710084719191
1.1 600 11.394798134541697
1.2 600 11.372832738881216
1.3 600 11.176137078153468
1.4 600 10.935481330927617
1.5 600 10.826058668924773
1.6 600 10.814592167414357
1.7 600 10.825438427161426
1.8 600 10.964322371715062
1.9 600 11.216881039214774
2.0 600 11.55738501111127
2.1 600 11.852659262041664
2.2 600 12.323360294590321
2.3 600 13.219175139424706
2.4 600 13.838706077120317
2.5 600 14.564247267588108
2.6 600 14.934293922571955
2.8 600 16.3155045686218
3.0 600 17.760570449489084
3.5 600 21.90808642324053
4.0 600 26.76749727346409
