0.1 500 32.087392303421815
0.2 500 30.170386010810013
0.3 500 19.905659991020954
0.4 500 14.258417687745766
0.5 500 10.597015263073022
0.6 500 10.33613292780399
0.7 500 9.931893362024436
0.8 500 9.84957436057204
0.9 500 9.468236358889394
1.0 500 9.268084049186607
1.1 500 9.425869288371253
1.2 500 9.296560116795328
1.3 500 9.467964780878152
1.4 500 9.506761060489952
1.5 500 9.70187811042057
1.6 500 9.988104200024411
1.7 500 10.118321315613613
1.8 500 10.252054703524228
1.9 500 10.523048791301672
2.0 500 10.673173946279501
2.1 500 11.048701434420385
2.2 500 11.70717005154684
2.3 500 12.133552337962124
2.4 500 12.365387577650333
2.5 500 12.750296361536261
2.6 500 13.533138185569198
2.8 500 15.003472787426144
3.0 500 16.70793873262661
3.5 500 22.25770585637152
4.0 500 28.099296801037347
