0.1 700 18.8768268433828
0.2 700 7.117789222359178
0.3 700 6.18297327577436
0.4 700 7.170460684652725
0.5 700 8.155687819901363
0.6 700 8.604324098099635
0.7 700 8.77151760536951
0.8 700 9.017872598725324
0.9 700 8.969324179471378
1.0 700 8.93433862481903
1.1 700 9.03988876907645
1.2 700 9.163435962838115
1.3 700 9.219489661446335
1.4 700 9.36185770847723
1.5 700 9.463579111359126
1.6 700 9.517936051125512
1.7 700 9.546078295618733
1.8 700 9.519209189305379
1.9 700 9.597720052397717
2.0 700 9.704013565793755
2.1 700 9.94796805363837
2.2 700 10.310261906906526
2.3 700 10.648498481737038
2.4 700 11.697752018668137
2.5 700 12.357313368264979
2.6 700 12.883609052342035
2.8 700 14.275398788605248
3.0 700 15.679561500177998
3.5 700 20.273426488941098
4.0 700 25.57384401098872
