0.1 500 109.65945593661839
0.2 500 54.39443937749906
0.3 500 58.541127900067835
0.4 500 59.64715467206629
0.5 500 64.60964464484282
0.6 500 65.60465963378505
0.7 500 70.05648618828023
0.8 500 74.5400709356591
0.9 500 82.65929244249739
1.0 500 84.56783260754426
1.1 500 85.78360842010774
1.2 500 87.59828717406494
1.3 500 90.56219017218875
1.4 500 96.16365479025067
1.5 500 100.72751454670676
1.6 500 103.08723439800615
1.7 500 111.29427617102203
1.8 500 127.06039116452624
1.9 500 137.6544663433986
2.0 500 139.4436317340824
2.1 500 138.79666080760242
2.2 500 139.02621012229278
2.3 500 143.24002634750653
2.4 500 159.0585440371522
2.5 500 193.69091735220445
2.6 500 241.82374985342494
2.8 500 319.64424253958543
3.0 500 380.03643208434
3.5 500 491.99317966529236
4.0 500 610.6222236358786
