0.1 600 8.234705085171086
0.2 600 5.876008135926966
0.3 600 5.234363238882413
0.4 600 5.287514490402342
0.5 600 5.126956088857605
0.6 600 4.9900307549073695
0.7 600 4.698796189081762
0.8 600 4.488395922756679
0.9 600 4.233355240592575
1.0 600 4.198784485901468
1.1 600 4.160940909472336
1.2 600 4.0395175992075645
1.3 600 3.729920777301262
1.4 600 3.462717697743826
1.5 600 3.332936701256568
1.6 600 3.2107182464862922
1.7 600 3.0797880166946747
1.8 600 2.9646609935871795
1.9 600 2.838902026978535
2.0 600 2.735530737423638
2.1 600 2.7007178954939226
2.2 600 2.6952589031070167
2.3 600 2.6747910643097357
2.4 600 2.669269382086496
2.5 600 2.6728649527390336
2.6 600 2.718978020513374
2.8 600 2.8317591259941306
3.0 600 2.7871845764328227
3.5 600 3.1988014944681264
4.0 600 4.883092789393377
