0.1 700 13.589811266321343
0.2 700 5.768068985745805
0.3 700 5.5309209211094785
0.4 700 6.585188947556346
0.5 700 8.07040320686225
0.6 700 8.607961544859279
0.7 700 8.961752505531328
0.8 700 9.010204541344407
0.9 700 9.08667547266998
1.0 700 8.993199043421459
1.1 700 9.091021144288051
1.2 700 9.173721376224282
1.3 700 9.264657202446314
1.4 700 9.320557898624394
1.5 700 9.490919079562014
1.6 700 9.533039862858208
1.7 700 9.55462264668661
1.8 700 9.51795126802733
1.9 700 9.596592100042416
2.0 700 9.701859805966258
2.1 700 9.948286613908799
2.2 700 10.311755435250333
2.3 700 10.649456114378594
2.4 700 11.700178578454477
2.5 700 12.358981078252844
2.6 700 12.884333557387317
2.8 700 14.27552460071139
3.0 700 15.679669050821918
3.5 700 20.273025284613016
4.0 700 25.573653048850534
