0.1 300 32.26736688049961
0.2 300 32.692245301696
0.3 300 27.794631192853807
0.4 300 21.712365724456294
0.5 300 17.971694408150565
0.6 300 15.592694395758311
0.7 300 13.169586224110908
0.8 300 12.982503523801777
0.9 300 12.779223723647672
1.0 300 11.862434205305243
1.1 300 10.889273283390919
1.2 300 11.071528699646226
1.3 300 10.743706761918261
1.4 300 10.773056177434908
1.5 300 11.00113243379997
1.6 300 11.009553448523107
1.7 300 11.122480010474414
1.8 300 11.565489907486175
1.9 300 12.072904689399143
2.0 300 12.681524256852644
2.1 300 12.879356421413432
2.2 300 13.622574664089312
2.3 300 13.992648083579994
2.4 300 14.457849963931247
2.5 300 14.990908724941487
2.6 300 15.635941288117378
2.8 300 17.075297356389232
3.0 300 18.868663863086127
3.5 300 24.22119081693251
4.0 300 28.894708113004867
