0.1 300 11.196316119328522
0.2 300 7.944135538856742
0.3 300 7.512202421304166
0.4 300 7.029082110131032
0.5 300 6.48253603115164
0.6 300 6.250961121544744
0.7 300 5.694800961651064
0.8 300 5.158057503071142
0.9 300 4.741739018354432
1.0 300 4.455377777750714
1.1 300 4.063523964200339
1.2 300 3.6362556965389836
1.3 300 3.4232422071506003
1.4 300 3.287201700492
1.5 300 3.1954457727026266
1.6 300 3.0817793657841364
1.7 300 3.028501787270069
1.8 300 2.954146028642906
1.9 300 2.9083621718036414
2.0 300 2.883704864924267
2.1 300 2.9336002286374665
2.2 300 2.869334794994735
2.3 300 2.8110336235054927
2.4 300 2.785580061362008
2.5 300 2.810423758461296
2.6 300 2.898311795879127
2.8 300 3.1769682091075007
3.0 300 3.64559866016752
3.5 300 5.929005525243339
4.0 300 8.809084130720896
