0.1 500 173.7607381120934
0.2 500 67.30242315477895
0.3 500 54.037160322036655
0.4 500 56.314711982669216
0.5 500 59.67198993681297
0.6 500 59.60257360649241
0.7 500 63.010843913090646
0.8 500 64.67825403210935
0.9 500 66.75288715640316
1.0 500 70.06176147111093
1.1 500 73.32213206512237
1.2 500 79.05041680719197
1.3 500 83.3184703358107
1.4 500 84.33701301198477
1.5 500 85.47028646708316
1.6 500 86.01781050004281
1.7 500 87.34093723246964
1.8 500 89.10231906719525
1.9 500 91.9405876946162
2.0 500 96.163491088758
2.1 500 99.75420631013677
2.2 500 101.58444492948354
2.3 500 103.48071332638631
2.4 500 108.76431924839281
2.5 500 118.8685411209498
2.6 500 129.99357271902085
2.8 500 139.3672915251097
3.0 500 138.79658025915012
3.5 500 173.63602213399167
4.0 500 319.64429225017614
