0.1 600 15.427680910939392
0.2 600 7.727375735172307
0.3 600 5.8813420691808
0.4 600 4.953265855254075
0.5 600 4.490354095411565
0.6 600 4.128565990470145
0.7 600 3.9619018568612514
0.8 600 3.86346024773132
0.9 600 3.6027265049382122
1.0 600 3.3728589073557425
1.1 600 3.1828355223962146
1.2 600 3.0840946242693623
1.3 600 3.0472574394120424
1.4 600 2.9283763650852492
1.5 600 2.7907420703813095
1.6 600 2.6797535171907074
1.7 600 2.5969415205969515
1.8 600 2.549792755582936
1.9 600 2.4928092201880316
2.0 600 2.4667749157060546
2.1 600 2.4749791325523303
2.2 600 2.513289744165356
2.3 600 2.538520062269482
2.4 600 2.56413724865224
2.5 600 2.509920992418962
2.6 600 2.5313094668041627
2.8 600 2.6180647097537357
3.0 600 2.7216599540012063
3.5 600 3.464118114151904
4.0 600 4.845699693109053
