0.1 700 7.666952591525688
0.2 700 5.3168118461187115
0.3 700 4.630218628493735
0.4 700 4.516948034989518
0.5 700 4.603036739351
0.6 700 4.537013338873413
0.7 700 4.416393789017602
0.8 700 4.350007824080352
0.9 700 4.123033535680721
1.0 700 3.9378944771670827
1.1 700 4.044464357084983
1.2 700 4.013420109132652
1.3 700 3.8113915060065824
1.4 700 3.5586720536649032
1.5 700 3.3677634104355336
1.6 700 3.192793078462846
1.7 700 3.048905747157574
1.8 700 2.934464343725069
1.9 700 2.832270851781441
2.0 700 2.7665225349803935
2.1 700 2.707366320783835
2.2 700 2.7069930562199906
2.3 700 2.696888269675515
2.4 700 2.7006180504926953
2.5 700 2.707398602826705
2.6 700 2.6825143627454535
2.8 700 2.728625926997408
3.0 700 2.740670648629215
3.5 700 3.115401940058467
4.0 700 4.36106660506054
