0.1 600 8.28453762944452
0.2 600 6.8793913365639074
0.3 600 6.06526085727322
0.4 600 6.005829028773512
0.5 600 5.66246926700311
0.6 600 5.333923532844303
0.7 600 4.89949672348308
0.8 600 4.647042748915644
0.9 600 4.35412266173018
1.0 600 4.269731642787112
1.1 600 4.2228715794355525
1.2 600 4.08440600826757
1.3 600 3.7613514764109834
1.4 600 3.482635644050827
1.5 600 3.347174379527343
1.6 600 3.218090306653213
1.7 600 3.083547074465459
1.8 600 2.9675654609924544
1.9 600 2.8414840624581394
2.0 600 2.746730281655277
2.1 600 2.701387225663886
2.2 600 2.6959442632112514
2.3 600 2.6751398693198127
2.4 600 2.6694237489753765
2.5 600 2.6726953731436103
2.6 600 2.718667690909286
2.8 600 2.831231548823841
3.0 600 2.7869643180670463
3.5 600 3.19893362515357
4.0 600 4.88307714112572
