0.1 400 108.61154620482526
0.2 400 63.38249006009173
0.3 400 60.39038191984315
0.4 400 62.59575492468437
0.5 400 65.218329476091
0.6 400 71.01555068056103
0.7 400 74.365509331651
0.8 400 77.80422595973864
0.9 400 82.9582040872781
1.0 400 84.37376716821193
1.1 400 85.99866776847139
1.2 400 89.42311882439489
1.3 400 95.60888536246297
1.4 400 100.8284978011521
1.5 400 102.84819394996175
1.6 400 108.5970082008364
1.7 400 123.89517139218628
1.8 400 138.0274249933791
1.9 400 141.53597066496184
2.0 400 140.84518569394464
2.1 400 141.30090608563566
2.2 400 148.37873507342624
2.3 400 171.16375976660487
2.4 400 214.24063601250614
2.5 400 262.4716791451515
2.6 400 299.2049513070424
2.8 400 350.4980616862643
3.0 400 389.1574120237515
3.5 400 492.312333347757
4.0 400 613.9198484572072
