0.1 600 8.294570614136479
0.2 600 6.87259631963262
0.3 600 6.064737225629153
0.4 600 6.005755630698073
0.5 600 5.662461093341468
0.6 600 5.333922921761938
0.7 600 4.899496639427983
0.8 600 4.647042728276773
0.9 600 4.354122660843447
1.0 600 4.26973164246369
1.1 600 4.222871579397901
1.2 600 4.084406008260297
1.3 600 3.761351476524841
1.4 600 3.4826356439213786
1.5 600 3.3471743797430364
1.6 600 3.2180903063982806
1.7 600 3.083547074307737
1.8 600 2.967565461701421
1.9 600 2.841484063481521
2.0 600 2.746730280381375
2.1 600 2.701387225663886
2.2 600 2.6959442632112514
2.3 600 2.6751398693198127
2.4 600 2.6694237489753765
2.5 600 2.6726953731436103
2.6 600 2.718667690909286
2.8 600 2.831231548823841
3.0 600 2.7869643180670463
3.5 600 3.19893362515357
4.0 600 4.88307714112572
