0.1 400 9.758404692260086
0.2 400 6.440605302010399
0.3 400 5.181209789306988
0.4 400 4.718653290465003
0.5 400 4.507529882478605
0.6 400 4.403990572316147
0.7 400 4.078497585067033
0.8 400 3.825317705176432
0.9 400 3.748371239536128
1.0 400 3.631529100529887
1.1 400 3.3115386720920643
1.2 400 3.1270081842481288
1.3 400 3.0398022863195027
1.4 400 2.98407096278094
1.5 400 2.9489905197097994
1.6 400 2.8922301287687704
1.7 400 2.833567075034266
1.8 400 2.771983049254608
1.9 400 2.722184232519871
2.0 400 2.6763327617932937
2.1 400 2.6767404688580654
2.2 400 2.6771836795001276
2.3 400 2.7019220365016516
2.4 400 2.708114988243095
2.5 400 2.758269262814112
2.6 400 2.7650535591733703
2.8 400 2.7718732749511106
3.0 400 2.953012954398768
3.5 400 4.536094458662545
4.0 400 7.242877208611764
