0.1 500 35.435907190191514
0.2 500 32.27654198790805
0.3 500 24.481054563505328
0.4 500 18.245163575865277
0.5 500 14.272047642614028
0.6 500 11.558871805101719
0.7 500 10.873599941561066
0.8 500 11.017947229102253
0.9 500 11.038052132036954
1.0 500 10.703139657870935
1.1 500 10.279040145534506
1.2 500 10.142999065038097
1.3 500 9.942819655704213
1.4 500 9.81014387689067
1.5 500 10.049923842763064
1.6 500 10.094060938685272
1.7 500 10.296674393069008
1.8 500 10.527185830468715
1.9 500 10.828362057262108
2.0 500 10.951415438415378
2.1 500 11.24098304148398
2.2 500 12.002450364535575
2.3 500 13.098945798089895
2.4 500 13.867855878897572
2.5 500 14.258754350417053
2.6 500 15.102680513906739
2.8 500 16.016626593733196
3.0 500 17.55222640105131
3.5 500 22.084953906287517
4.0 500 26.267035554659355
