0.1 600 9.45931460332052
0.2 600 5.868721504553912
0.3 600 4.977349971815642
0.4 600 4.7864273862683255
0.5 600 4.648244404569115
0.6 600 4.585076179906035
0.7 600 4.36822516351219
0.8 600 4.185390917370793
0.9 600 3.933532634724851
1.0 600 3.9101345979023416
1.1 600 3.9198647423428206
1.2 600 3.8241664995263456
1.3 600 3.590444544700982
1.4 600 3.370922300425871
1.5 600 3.2412722471982915
1.6 600 3.1503285689495124
1.7 600 3.0399327768888025
1.8 600 2.9369373956392995
1.9 600 2.820600920320844
2.0 600 2.7261412773301172
2.1 600 2.7006604374719716
2.2 600 2.6978809972796243
2.3 600 2.724950071191811
2.4 600 2.7708441020603116
2.5 600 2.677292115083086
2.6 600 2.7245142510137392
2.8 600 2.841556114632753
3.0 600 2.792787800594316
3.5 600 3.199686494416547
4.0 600 4.884372583549279
