0.1 700 9.839646768316866
0.2 700 6.002037461192909
0.3 700 4.523137185876414
0.4 700 4.1422714563562275
0.5 700 4.0867194556155795
0.6 700 4.03282686957523
0.7 700 3.954613998578807
0.8 700 3.789936660148174
0.9 700 3.5932584736853186
1.0 700 3.362674274686961
1.1 700 3.2924726185513054
1.2 700 3.282294950261321
1.3 700 3.1909515484582904
1.4 700 3.0399849255636777
1.5 700 2.951028788235009
1.6 700 2.850917821189961
1.7 700 2.7469180703029528
1.8 700 2.6954152983595554
1.9 700 2.6805038815806776
2.0 700 2.6688700424456604
2.1 700 2.6685663067088954
2.2 700 2.668047898846722
2.3 700 2.7110650385113146
2.4 700 2.658706036659091
2.5 700 2.6590778002618407
2.6 700 2.66580471856078
2.8 700 2.7143491670502473
3.0 700 2.8467886922785763
3.5 700 3.4986623960889567
4.0 700 4.554965965010107
