0.1 300 16.05351802073474
0.2 300 10.193517678130906
0.3 300 7.112729632842812
0.4 300 6.066657827113366
0.5 300 5.4871678231691465
0.6 300 4.989864650784768
0.7 300 4.304964759197384
0.8 300 3.8214573487951493
0.9 300 3.579513689925266
1.0 300 3.399143029122705
1.1 300 3.2676083230331097
1.2 300 3.067494842975454
1.3 300 2.875933525081852
1.4 300 2.7111390392599835
1.5 300 2.6205370446765617
1.6 300 2.5776528652818786
1.7 300 2.550793895484408
1.8 300 2.5092890531016843
1.9 300 2.4735826240061103
2.0 300 2.4851646987888008
2.1 300 2.538747384669783
2.2 300 2.571029482215959
2.3 300 2.6118329539218283
2.4 300 2.7341996996782707
2.5 300 2.6632727889116006
2.6 300 2.602950058151645
2.8 300 2.7220062785193004
3.0 300 3.2407914619703955
3.5 300 5.146269120747091
4.0 300 7.963199657110581
