0.1 500 12.120638823156378
0.2 500 5.414521484991699
0.3 500 5.1881554886276735
0.4 500 5.376650691453709
0.5 500 5.975105847083874
0.6 500 6.494850423601163
0.7 500 6.800557041148836
0.8 500 7.25338926059438
0.9 500 7.5474546398532745
1.0 500 7.98457001269851
1.1 500 8.344434667908212
1.2 500 8.477046882522604
1.3 500 8.417779696285997
1.4 500 8.421976087850002
1.5 500 8.512086973972513
1.6 500 8.760913497832673
1.7 500 9.033232190652598
1.8 500 9.432312709728299
1.9 500 9.403978137513862
2.0 500 9.54623386827532
2.1 500 9.820965649021076
2.2 500 10.245603794899528
2.3 500 11.053106848445513
2.4 500 11.746191173383991
2.5 500 12.266128659282549
2.6 500 12.829869840438743
2.8 500 14.092514046837012
3.0 500 15.586711267211918
3.5 500 21.67834703947039
4.0 500 27.158612854850674
