0.1 400 34.47393258193693
0.2 400 29.049615445151677
0.3 400 30.94371108278921
0.4 400 23.880839488771425
0.5 400 18.26372654701415
0.6 400 14.468751393852942
0.7 400 11.796450564082395
0.8 400 10.353713581698154
0.9 400 10.435449220525083
1.0 400 10.37814777956218
1.1 400 10.581206438428612
1.2 400 10.064953495784085
1.3 400 9.628412838425461
1.4 400 9.138313812912337
1.5 400 9.15124665291484
1.6 400 8.96900453016484
1.7 400 8.828991021922427
1.8 400 9.17963979956814
1.9 400 9.274805898964471
2.0 400 9.249963401016059
2.1 400 9.651136244094058
2.2 400 9.890586150410996
2.3 400 9.900331568815076
2.4 400 10.140181730877117
2.5 400 10.127940660195891
2.6 400 10.135129842893296
2.8 400 10.163233794828711
3.0 400 10.688854865772623
3.5 400 12.62218452080149
4.0 400 15.54896470110467
