0.1 500 8.575422408926139
0.2 500 5.93013219421841
0.3 500 5.119827533092044
0.4 500 4.993658822859576
0.5 500 4.871202361149772
0.6 500 4.672020842573361
0.7 500 4.468093531487283
0.8 500 4.218494428715442
0.9 500 4.113526208432403
1.0 500 4.131338293224594
1.1 500 3.953433227391489
1.2 500 3.651637230128268
1.3 500 3.38695283633381
1.4 500 3.2153562711694907
1.5 500 3.1088539094881544
1.6 500 3.04215005251992
1.7 500 2.962187594605352
1.8 500 2.862301949990223
1.9 500 2.76059863679967
2.0 500 2.675044329444967
2.1 500 2.6190696960771365
2.2 500 2.594516736792527
2.3 500 2.596478056289893
2.4 500 2.6230339260768907
2.5 500 2.6654770892844835
2.6 500 2.6782406421708407
2.8 500 2.7517273976095584
3.0 500 2.6949592127779023
3.5 500 3.5365751015535016
4.0 500 5.800288496461209
