0.1 600 32.74730436036768
0.2 600 25.015398973331862
0.3 600 16.378584928981088
0.4 600 12.31343891951759
0.5 600 11.053738371201467
0.6 600 9.76102277639766
0.7 600 9.417872395317932
0.8 600 9.836567090872292
0.9 600 9.743088213063896
1.0 600 9.762697904149666
1.1 600 9.9040040433876
1.2 600 9.759150499528658
1.3 600 9.715284443443641
1.4 600 9.829007452536054
1.5 600 9.988515164322875
1.6 600 10.079914033663531
1.7 600 10.277319657641028
1.8 600 10.375617401577355
1.9 600 10.583791575794145
2.0 600 10.657180146554428
2.1 600 10.880557626627144
2.2 600 11.114132296676631
2.3 600 11.437030352964857
2.4 600 11.905170312893512
2.5 600 12.551781410548134
2.6 600 13.286601849810715
2.8 600 14.654793054918903
3.0 600 15.945157304059084
3.5 600 21.197750345258545
4.0 600 27.353799924573963
