0.1 300 14.521768206623282
0.2 300 7.0593458129941595
0.3 300 5.29615262895847
0.4 300 5.134619538364674
0.5 300 5.0921867472983795
0.6 300 5.141234240228237
0.7 300 5.562005783383105
0.8 300 5.927199422410837
0.9 300 6.202714330055095
1.0 300 6.281183456106927
1.1 300 6.350220523579834
1.2 300 6.841080085382741
1.3 300 7.235416936936569
1.4 300 7.702367377084609
1.5 300 7.939029917227356
1.6 300 8.114178744522075
1.7 300 8.283502039173817
1.8 300 8.501840841251315
1.9 300 8.775106500747611
2.0 300 9.107168680972153
2.1 300 9.473511734014615
2.2 300 9.98796527628044
2.3 300 11.3662302087976
2.4 300 11.807933428473643
2.5 300 12.573334094309375
2.6 300 13.199122584023906
2.8 300 15.052125283515196
3.0 300 17.680122841963303
3.5 300 22.506960826720505
4.0 300 27.77830923783272
