0.1 400 14.660715236918273
0.2 400 6.011241468014028
0.3 400 5.234161840424571
0.4 400 5.115638760354668
0.5 400 5.194758966083337
0.6 400 5.570050828155801
0.7 400 6.0164539796690955
0.8 400 6.28039488629327
0.9 400 6.781864885587701
1.0 400 7.292896742044155
1.1 400 7.589749279001032
1.2 400 7.676541435266316
1.3 400 7.746932676449321
1.4 400 7.774940286891914
1.5 400 8.248634550302071
1.6 400 8.783373413189054
1.7 400 9.173179453395004
1.8 400 9.099098624534333
1.9 400 9.297133125709731
2.0 400 9.413392319693134
2.1 400 9.560994989003797
2.2 400 10.047536428158041
2.3 400 10.763305994445837
2.4 400 11.52120912710724
2.5 400 12.245803886244746
2.6 400 12.791742971559998
2.8 400 14.269698785491878
3.0 400 16.045528780947308
3.5 400 22.497724377367174
4.0 400 27.670027224874723
