0.1 700 33.41648641432486
0.2 700 24.271567940514277
0.3 700 15.969661460305819
0.4 700 12.338912647269916
0.5 700 10.821703798087007
0.6 700 9.795746877580102
0.7 700 9.652885152229622
0.8 700 9.96157374796646
0.9 700 9.812830511172946
1.0 700 9.748829105298325
1.1 700 9.935332071681252
1.2 700 10.031802666552037
1.3 700 10.136005712234994
1.4 700 10.041767391015316
1.5 700 10.039765674776106
1.6 700 10.104335813150225
1.7 700 10.208891229739143
1.8 700 10.390756428093885
1.9 700 10.479874992665037
2.0 700 10.637885480116063
2.1 700 10.69638342197334
2.2 700 10.943474022629028
2.3 700 11.231614581208138
2.4 700 11.989980204421359
2.5 700 12.594245743845647
2.6 700 13.35003254944158
2.8 700 14.282141154915681
3.0 700 15.797123849041505
3.5 700 20.444689751019695
4.0 700 26.524121290423928
