0.1 500 18.6793109725623
0.2 500 9.044238629080187
0.3 500 5.7308219563885014
0.4 500 5.8220845924216205
0.5 500 6.192649477110483
0.6 500 6.688012541539976
0.7 500 6.970376038573368
0.8 500 7.357021851278663
0.9 500 7.6130498193619545
1.0 500 7.941172659481798
1.1 500 8.340566379053154
1.2 500 8.48506558000253
1.3 500 8.429214558981752
1.4 500 8.431081489998085
1.5 500 8.521507172827427
1.6 500 8.762941160206951
1.7 500 9.032092007541182
1.8 500 9.368604806461873
1.9 500 9.407561767554212
2.0 500 9.545082541305131
2.1 500 9.939475582230655
2.2 500 10.24528746027813
2.3 500 11.052699463487015
2.4 500 11.745447288555848
2.5 500 12.26626085055289
2.6 500 12.830501742039736
2.8 500 14.092946576064708
3.0 500 15.587223766007327
3.5 500 21.67871154531208
4.0 500 27.158806296956048
