0.1 500 8.917358851344517
0.2 500 7.174022181223251
0.3 500 6.325680711709544
0.4 500 6.153024305436904
0.5 500 5.817360899624075
0.6 500 5.324373356237726
0.7 500 4.937172209871317
0.8 500 4.587577842947243
0.9 500 4.379629306961337
1.0 500 4.354472742318814
1.1 500 4.1696132211425105
1.2 500 3.803514869818881
1.3 500 3.4594432477281023
1.4 500 3.2259044420115037
1.5 500 3.099053998146788
1.6 500 3.021278130951754
1.7 500 2.9652708453364034
1.8 500 2.869841818117609
1.9 500 2.7667467280708617
2.0 500 2.6827464257801705
2.1 500 2.6275642773828216
2.2 500 2.606720125122217
2.3 500 2.5958544088139197
2.4 500 2.621782840459842
2.5 500 2.6625677912796064
2.6 500 2.6740749595033177
2.8 500 2.74570895710772
3.0 500 2.68983799920574
3.5 500 3.538447515065615
4.0 500 5.798210105748363
