0.1 700 34.03209215520666
0.2 700 32.9298615196949
0.3 700 22.818060344178885
0.4 700 16.64240444590398
0.5 700 13.119245301798724
0.6 700 11.367996513476868
0.7 700 10.53141085894742
0.8 700 10.298564077963928
0.9 700 10.772512361046454
1.0 700 11.032010643376285
1.1 700 10.772136785634451
1.2 700 10.517219462290191
1.3 700 10.648821240859371
1.4 700 10.493385696253652
1.5 700 10.662908692734215
1.6 700 10.600833372874416
1.7 700 10.55792663976672
1.8 700 10.691040327996383
1.9 700 10.835904024370066
2.0 700 11.109647850876293
2.1 700 11.432561315993654
2.2 700 11.826078051651475
2.3 700 12.200011133329001
2.4 700 12.72683423471184
2.5 700 13.487733611458413
2.6 700 14.071386807592427
2.8 700 15.885530086182511
3.0 700 17.280573615439796
3.5 700 21.119788588592083
4.0 700 25.52172838206204
