0.1 500 11.915899185029058
0.2 500 6.4673948859223716
0.3 500 5.1497231525910845
0.4 500 4.715334272597953
0.5 500 4.422330171752111
0.6 500 4.285533094518791
0.7 500 4.071163696572108
0.8 500 3.8434898602207777
0.9 500 3.6704028901517227
1.0 500 3.696746822127575
1.1 500 3.5673168474472394
1.2 500 3.331636957431723
1.3 500 3.1352198921103565
1.4 500 3.020962442624687
1.5 500 2.958836868808544
1.6 500 2.9078148314754935
1.7 500 2.861186497935994
1.8 500 2.7868883798905126
1.9 500 2.7076359356656092
2.0 500 2.643182113265242
2.1 500 2.5958452574681172
2.2 500 2.5948107606256463
2.3 500 2.6268292007064447
2.4 500 2.630492129229986
2.5 500 2.642875444697326
2.6 500 2.69579114749455
2.8 500 2.779206728388508
3.0 500 2.7300260642785714
3.5 500 3.5615814720669374
4.0 500 5.810215691033905
