0.1 400 25.76806078275591
0.2 400 16.9129442448534
0.3 400 7.5812950984437215
0.4 400 6.516441008529302
0.5 400 6.060870576623205
0.6 400 6.293129365313397
0.7 400 6.653796254906441
0.8 400 6.773060653958166
0.9 400 7.173154657211879
1.0 400 7.622353853074364
1.1 400 7.77846515241863
1.2 400 7.8231230551715525
1.3 400 7.832187287050407
1.4 400 7.863571233048899
1.5 400 8.266465096469487
1.6 400 8.809147055375611
1.7 400 9.398681586617986
1.8 400 9.760105724246452
1.9 400 9.387669019990204
2.0 400 9.480280649791595
2.1 400 9.541392914812025
2.2 400 10.057815040801477
2.3 400 10.765755640807825
2.4 400 11.546057304275513
2.5 400 12.294887116925699
2.6 400 12.855073010318673
2.8 400 14.33979209339198
3.0 400 16.08979586403158
3.5 400 22.495116509577123
4.0 400 27.682747612828564
