0.1 700 14.978514238837796
0.2 700 7.5704671903385545
0.3 700 5.749548030364147
0.4 700 4.861965837840142
0.5 700 4.425001312194417
0.6 700 4.270121721157602
0.7 700 4.274686595030378
0.8 700 4.199839657233286
0.9 700 4.141907241279314
1.0 700 4.105424067008547
1.1 700 3.9930159817425133
1.2 700 3.870987024094266
1.3 700 3.7228306666106223
1.4 700 3.5457076463319583
1.5 700 3.495615614754915
1.6 700 3.537200178972481
1.7 700 3.548010366712681
1.8 700 3.490191384834628
1.9 700 3.44045010800565
2.0 700 3.316672809637118
2.1 700 3.189931606427019
2.2 700 3.075979923074036
2.3 700 2.9907677978108405
2.4 700 2.9102858633841744
2.5 700 2.848324087464573
2.6 700 2.8042039076536858
2.8 700 2.7708945855665013
3.0 700 2.7449636408653433
3.5 700 2.692719056821625
4.0 700 2.7825249241366548
