0.1 600 11.186275743619229
0.2 600 6.209923911853733
0.3 600 4.900681020992657
0.4 600 4.54609766205394
0.5 600 4.387556544835706
0.6 600 4.340232604064794
0.7 600 4.1232367446297955
0.8 600 3.9471559961140947
0.9 600 3.663616168857161
1.0 600 3.581897774186045
1.1 600 3.613840588879076
1.2 600 3.5151226721887876
1.3 600 3.394158249176359
1.4 600 3.216629113193815
1.5 600 3.096856687370387
1.6 600 3.034041257878784
1.7 600 2.920845224829926
1.8 600 2.8360575222651683
1.9 600 2.752755015693012
2.0 600 2.6942056488151445
2.1 600 2.6933639450396845
2.2 600 2.7035146809546067
2.3 600 2.6896849458769143
2.4 600 2.7341455401121117
2.5 600 2.737048822039939
2.6 600 2.7408245545736616
2.8 600 2.8012219885483884
3.0 600 2.815022485785401
3.5 600 3.2384967183216853
4.0 600 4.894251676937878
