0.1 500 29.990393846337493
0.2 500 26.8400920041301
0.3 500 16.424443646002796
0.4 500 10.597289386331058
0.5 500 10.061920999255968
0.6 500 9.548969575644554
0.7 500 9.263100387854635
0.8 500 9.071019781131392
0.9 500 8.820495792974086
1.0 500 8.84620897462391
1.1 500 9.066588549321228
1.2 500 9.025611420682107
1.3 500 9.020898533102896
1.4 500 9.371399494166639
1.5 500 9.616249216371292
1.6 500 9.687041392983206
1.7 500 9.830865385522014
1.8 500 9.89751113178218
1.9 500 10.102428342385052
2.0 500 10.558099897005249
2.1 500 10.826001396997073
2.2 500 10.969650716469038
2.3 500 10.919101096980413
2.4 500 11.756185685964809
2.5 500 12.44557397304286
2.6 500 13.035983178240699
2.8 500 14.708160012850177
3.0 500 16.570892756234525
3.5 500 22.23153136482826
4.0 500 27.93251966967951
