0.1 300 11.213630431544825
0.2 300 7.193773622608778
0.3 300 6.705598307889258
0.4 300 6.419706544772353
0.5 300 5.9963483245332245
0.6 300 5.886850796040703
0.7 300 5.433074758735102
0.8 300 4.975278264197913
0.9 300 4.593225058428223
1.0 300 4.338115612103549
1.1 300 3.9803654473030776
1.2 300 3.6107219282333727
1.3 300 3.404820661265964
1.4 300 3.285590693930327
1.5 300 3.200180841540327
1.6 300 3.0817099892415865
1.7 300 3.0278068054345177
1.8 300 2.9535829033097944
1.9 300 2.9080876476821804
2.0 300 2.8845415559043857
2.1 300 2.934768516568423
2.2 300 2.870948336749333
2.3 300 2.8125045722718003
2.4 300 2.786755123445159
2.5 300 2.811563152615063
2.6 300 2.8992586139657144
2.8 300 3.1775052049376753
3.0 300 3.6458209998509186
3.5 300 5.9290060818327435
4.0 300 8.809120864315574
