0.1 300 30.539369749898846
0.2 300 23.244681781578645
0.3 300 15.725756466289996
0.4 300 8.560014468321905
0.5 300 6.687235665370496
0.6 300 6.738365960666772
0.7 300 7.0047843408531865
0.8 300 7.107915947879543
0.9 300 7.248457240174281
1.0 300 7.975004892668965
1.1 300 7.894491470127795
1.2 300 7.951548219939551
1.3 300 7.898570095087941
1.4 300 7.9427210254597265
1.5 300 8.364260222484033
1.6 300 8.670068988566674
1.7 300 8.873860701973243
1.8 300 9.006604057526234
1.9 300 9.099524411412808
2.0 300 9.386529377756236
2.1 300 9.783745447387512
2.2 300 10.339518496286058
2.3 300 10.88018282875468
2.4 300 11.823368121179184
2.5 300 12.73635356028387
2.6 300 13.300339051859497
2.8 300 14.599028878028497
3.0 300 17.083742199252573
3.5 300 22.952227279887154
4.0 300 28.175218473707904
