0.1 700 7.98582064545939
0.2 700 6.630598506495461
0.3 700 6.065700787909297
0.4 700 5.589486671980446
0.5 700 5.442072267625359
0.6 700 5.190897741829368
0.7 700 4.862363789253837
0.8 700 4.745707803723555
0.9 700 4.4535601244541425
1.0 700 4.204525787324661
1.1 700 4.2520236869912305
1.2 700 4.184295050660655
1.3 700 3.925120102695252
1.4 700 3.6590901252253625
1.5 700 3.4362397515419962
1.6 700 3.228976764000216
1.7 700 3.071403355901718
1.8 700 2.9573119027555914
1.9 700 2.8516247009367204
2.0 700 2.7571415561425736
2.1 700 2.7104204783937815
2.2 700 2.7105983710892536
2.3 700 2.6990848183482634
2.4 700 2.702152698081116
2.5 700 2.7087336445736945
2.6 700 2.6812805644638003
2.8 700 2.725565342801934
3.0 700 2.737713214865045
3.5 700 3.113566671323714
4.0 700 4.360905231379049
