0.1 700 36.620543043067585
0.2 700 35.15886430669009
0.3 700 22.849234985743223
0.4 700 15.74455389972942
0.5 700 11.547723585786633
0.6 700 10.38800787744667
0.7 700 10.20576916773907
0.8 700 9.765219750506272
0.9 700 10.09762007871569
1.0 700 10.421362933591656
1.1 700 10.305745768972487
1.2 700 10.146841913004126
1.3 700 10.139974147303304
1.4 700 10.241620263196369
1.5 700 10.367190253597942
1.6 700 10.266515866307923
1.7 700 10.346745822399487
1.8 700 10.381001851884687
1.9 700 10.610045636068731
2.0 700 10.92576793654994
2.1 700 11.27405571352146
2.2 700 11.636531388359067
2.3 700 11.945010836022405
2.4 700 12.393793175351831
2.5 700 12.833294991676038
2.6 700 13.454948875336544
2.8 700 14.930797459757585
3.0 700 16.215757339581366
3.5 700 20.359523100842626
4.0 700 24.810672285650025
