0.1 600 139.11930649177611
0.2 600 55.91459729233896
0.3 600 57.98653960275803
0.4 600 62.164793518913186
0.5 600 63.27631532926199
0.6 600 67.47553712107488
0.7 600 74.37837935084113
0.8 600 79.48997746602721
0.9 600 89.71794991733876
1.0 600 89.57085501409843
1.1 600 89.41569465440864
1.2 600 89.79526441331566
1.3 600 90.56496588248893
1.4 600 91.50692702203847
1.5 600 96.99389981920335
1.6 600 100.18577849882648
1.7 600 103.31932422418012
1.8 600 112.7024147928236
1.9 600 126.46072930635817
2.0 600 134.67041689036589
2.1 600 136.9356681652645
2.2 600 137.20806734265574
2.3 600 138.09737983511727
2.4 600 143.01308211262844
2.5 600 158.86883815303165
2.6 600 192.12142438562677
2.8 600 277.40929006060793
3.0 600 354.59310202439514
3.5 600 491.4393193540317
4.0 600 609.5430034357184
