0.1 400 12.164230672321002
0.2 400 6.751838274293797
0.3 400 5.229252664181218
0.4 400 4.813436894376581
0.5 400 4.359775740486509
0.6 400 4.2990782731707755
0.7 400 3.9752403806371674
0.8 400 3.683207350096509
0.9 400 3.552866517483613
1.0 400 3.480223819077866
1.1 400 3.213959671628388
1.2 400 2.9941783519574456
1.3 400 2.8985711328829082
1.4 400 2.849062373506491
1.5 400 2.845357833347436
1.6 400 2.793888218915643
1.7 400 2.7355815734996094
1.8 400 2.682531767237689
1.9 400 2.609356564643183
2.0 400 2.5806042765251695
2.1 400 2.579950957642485
2.2 400 2.5856976759536816
2.3 400 2.6011535561855275
2.4 400 2.616726781134214
2.5 400 2.660585405692178
2.6 400 2.681351384554712
2.8 400 2.749335234333338
3.0 400 2.984312590845876
3.5 400 4.5140661425572555
4.0 400 7.172888561649404
