0.1 600 165.28573754294345
0.2 600 64.91776863243813
0.3 600 54.183434332879166
0.4 600 56.68991351182794
0.5 600 60.164220431732474
0.6 600 60.852795519037194
0.7 600 62.51688555080951
0.8 600 65.72822798792265
0.9 600 68.77156731157116
1.0 600 73.82047245074817
1.1 600 77.92109535912273
1.2 600 80.1566647528808
1.3 600 90.80324081200123
1.4 600 89.54340154330285
1.5 600 89.77075804911885
1.6 600 89.58103003914499
1.7 600 89.63401788268627
1.8 600 89.8765292068923
1.9 600 90.28235999524922
2.0 600 91.53506217450268
2.1 600 95.45713056526432
2.2 600 98.61576244012659
2.3 600 100.37709452393136
2.4 600 102.35105599954596
2.5 600 106.98213320720062
2.6 600 115.45242310562702
2.8 600 132.29379701370888
3.0 600 136.93603812382975
3.5 600 149.0990521498695
4.0 600 277.4115752980695
