0.1 500 35.18375711252751
0.2 500 25.27066943469789
0.3 500 16.930218088739885
0.4 500 12.124835993609336
0.5 500 10.85838656574951
0.6 500 9.716933250958265
0.7 500 9.566218528224296
0.8 500 9.561357343649398
0.9 500 9.086353473619091
1.0 500 9.073423547546033
1.1 500 9.228268218400663
1.2 500 9.369147569192526
1.3 500 9.313874520832378
1.4 500 9.33266657782939
1.5 500 9.634884615689659
1.6 500 9.713535160765437
1.7 500 9.883016130515232
1.8 500 10.127261318139466
1.9 500 10.19239490442209
2.0 500 10.465567636147156
2.1 500 11.007454724046902
2.2 500 11.363735264199235
2.3 500 11.537434890770033
2.4 500 12.13406602350895
2.5 500 12.537267076243907
2.6 500 13.292097292944204
2.8 500 14.529876526428488
3.0 500 16.188397985727182
3.5 500 22.195828727287314
4.0 500 28.151703802169834
