0.1 700 15.531785832980862
0.2 700 7.557198660656519
0.3 700 5.55428596049722
0.4 700 4.721444632486574
0.5 700 4.275295916496245
0.6 700 4.063194656061206
0.7 700 3.8755968791739632
0.8 700 3.8307943036136276
0.9 700 3.666149180109988
1.0 700 3.4393484977308098
1.1 700 3.2461763790554476
1.2 700 3.09621456403846
1.3 700 3.0467194638090005
1.4 700 2.9398727929531545
1.5 700 2.8317558094587536
1.6 700 2.748567710103828
1.7 700 2.6722787607357357
1.8 700 2.582719369578784
1.9 700 2.520018783365976
2.0 700 2.509315752008542
2.1 700 2.5120829970281084
2.2 700 2.5713880613264446
2.3 700 2.601086864444234
2.4 700 2.578934141980472
2.5 700 2.5219872522667752
2.6 700 2.540806382571153
2.8 700 2.5962216626794494
3.0 700 2.7073394343058563
3.5 700 3.199852462299932
4.0 700 4.6328880627196565
