0.1 400 30.450554700334663
0.2 400 24.170821942485215
0.3 400 13.58520153648657
0.4 400 8.14978146970257
0.5 400 8.045137156522603
0.6 400 8.076824134594403
0.7 400 7.841767920600052
0.8 400 7.335718824206854
0.9 400 7.729719788350056
1.0 400 7.775276069780873
1.1 400 7.982303366005393
1.2 400 8.07947309603637
1.3 400 8.159088269470015
1.4 400 8.185924459408715
1.5 400 8.411164551669076
1.6 400 8.857353714872277
1.7 400 9.401569355980223
1.8 400 9.992902525564748
1.9 400 10.498953435910801
2.0 400 9.364855570082701
2.1 400 9.615955885720641
2.2 400 10.083357072979023
2.3 400 10.679229179219833
2.4 400 11.434753761046885
2.5 400 12.25642719200148
2.6 400 12.905324738668085
2.8 400 14.579732322950472
3.0 400 16.362280042366166
3.5 400 22.59225628897842
4.0 400 28.016590473155667
