0.1 600 11.752251421186022
0.2 600 5.521992845647847
0.3 600 5.273515478079709
0.4 600 5.841690652012528
0.5 600 7.095174956526844
0.6 600 7.573446547711609
0.7 600 8.142506967230707
0.8 600 8.574416511727081
0.9 600 8.442002418928096
1.0 600 8.616677481480288
1.1 600 8.776296725879606
1.2 600 8.902520910488564
1.3 600 8.956228859796727
1.4 600 9.014948643466631
1.5 600 9.41878557034427
1.6 600 9.427060532930636
1.7 600 9.336753566968788
1.8 600 9.441717722973626
1.9 600 9.67593606778257
2.0 600 9.827728668692153
2.1 600 10.031282344730238
2.2 600 10.342170919300647
2.3 600 10.720213877246708
2.4 600 11.74725486402534
2.5 600 12.369477758113621
2.6 600 12.922179143733185
2.8 600 14.228506219228812
3.0 600 15.736493759399774
3.5 600 20.42366025465521
4.0 600 26.455561155506373
