0.1 300 10.610060166103386
0.2 300 7.488643608268042
0.3 300 7.262089560145141
0.4 300 6.855475647656905
0.5 300 6.401670531504906
0.6 300 6.201949713642504
0.7 300 5.662707295701478
0.8 300 5.158822316179287
0.9 300 4.731278405284154
1.0 300 4.448380412664589
1.1 300 4.059587723729389
1.2 300 3.634622617261984
1.3 300 3.4230903521689635
1.4 300 3.2877342789412562
1.5 300 3.1959905091937593
1.6 300 3.081843672493706
1.7 300 3.028440123765246
1.8 300 2.954082428342584
1.9 300 2.90832046942288
2.0 300 2.8836978971598235
2.1 300 2.933602323924045
2.2 300 2.869351484717473
2.3 300 2.8110509374886816
2.4 300 2.7855921259479466
2.5 300 2.8104331866796843
2.6 300 2.8983183035797637
2.8 300 3.1769703897383623
3.0 300 3.645598690667624
3.5 300 5.92900541558383
4.0 300 8.809083846528186
