0.1 400 9.614678816252251
0.2 400 7.369608149152924
0.3 400 6.778039277747495
0.4 400 6.540853869967315
0.5 400 6.336914326972034
0.6 400 5.5789896195215825
0.7 400 5.205493248778164
0.8 400 4.9295749340006445
0.9 400 4.775390534866411
1.0 400 4.493403981772432
1.1 400 4.14376933274044
1.2 400 3.774554246473051
1.3 400 3.497475546097356
1.4 400 3.322657987104503
1.5 400 3.1579780666323076
1.6 400 3.0318140673982996
1.7 400 2.926157564580902
1.8 400 2.873273104459784
1.9 400 2.7816870529359923
2.0 400 2.6911704674576993
2.1 400 2.661625785810561
2.2 400 2.6393385718316593
2.3 400 2.6529009788283027
2.4 400 2.654622824744535
2.5 400 2.685235086415223
2.6 400 2.6888138470206613
2.8 400 2.668603470902409
3.0 400 2.8558142285037573
3.5 400 4.467145873264275
4.0 400 7.136478033452462
