0.1 700 10.37737782238378
0.2 700 5.910741766567573
0.3 700 4.668190238757705
0.4 700 4.300137983479402
0.5 700 4.302110696105159
0.6 700 4.189814885479472
0.7 700 4.135622250739316
0.8 700 3.9756567684775854
0.9 700 3.7869276732890125
1.0 700 3.5638092060787483
1.1 700 3.583185468255899
1.2 700 3.588444505129366
1.3 700 3.516142349226031
1.4 700 3.3551886950140846
1.5 700 3.1929969128078453
1.6 700 3.032425812121433
1.7 700 2.925857972437834
1.8 700 2.8436733463051613
1.9 700 2.798828777459992
2.0 700 2.744333187026672
2.1 700 2.745239152603718
2.2 700 2.7205703945088096
2.3 700 2.711712351411361
2.4 700 2.71275081707953
2.5 700 2.713706083464336
2.6 700 2.718767035511841
2.8 700 2.781402629163686
3.0 700 2.750413843379117
3.5 700 3.1750914812547464
4.0 700 4.3812844999232325
