0.1 300 15.178374389975312
0.2 300 7.8597541086554985
0.3 300 6.42373258062378
0.4 300 5.4736506551219355
0.5 300 5.012210556032211
0.6 300 4.460205843315115
0.7 300 3.9613656963229213
0.8 300 3.689725548586662
0.9 300 3.4819410171654197
1.0 300 3.3267546915616006
1.1 300 3.1425393118552756
1.2 300 2.9813425090216055
1.3 300 2.8492988775918193
1.4 300 2.7523714627020683
1.5 300 2.7038693088921133
1.6 300 2.6649424553832683
1.7 300 2.618955960326166
1.8 300 2.5800462326821667
1.9 300 2.575606497475105
2.0 300 2.614380129675532
2.1 300 2.630409702661691
2.2 300 2.646752530482276
2.3 300 2.6564528992588907
2.4 300 2.7520780520397956
2.5 300 2.6638285861766944
2.6 300 2.6640722043042233
2.8 300 2.985404756550521
3.0 300 3.5690320180710704
3.5 300 5.66833107436571
4.0 300 8.57261617560009
