0.1 600 10.529215083499016
0.2 600 6.307821837841641
0.3 600 4.714985144549437
0.4 600 4.366026485403362
0.5 600 4.164037183640319
0.6 600 4.108258146480215
0.7 600 3.954349926548939
0.8 600 3.7269980111689196
0.9 600 3.468203055636359
1.0 600 3.28915885711957
1.1 600 3.3214817727124344
1.2 600 3.250254134713781
1.3 600 3.106810702289306
1.4 600 2.9941893545245164
1.5 600 2.8893209888021802
1.6 600 2.809344565767694
1.7 600 2.746880627583788
1.8 600 2.6789423868799203
1.9 600 2.6437657563656316
2.0 600 2.620916857010247
2.1 600 2.627876336550231
2.2 600 2.6280759248396164
2.3 600 2.6686702343070756
2.4 600 2.6756379102047254
2.5 600 2.6830022643986386
2.6 600 2.7416717798052552
2.8 600 2.814245330556563
3.0 600 2.8845437489406263
3.5 600 3.6179662122598084
4.0 600 4.92540056200883
