0.1 400 33.1007646379105
0.2 400 30.948440702347952
0.3 400 21.74802162163797
0.4 400 14.75668504718239
0.5 400 10.671474371219452
0.6 400 10.394880694583428
0.7 400 10.290272245019882
0.8 400 10.220632483056038
0.9 400 9.250413465519808
1.0 400 9.01349762955195
1.1 400 8.898500224076495
1.2 400 8.912021047093415
1.3 400 9.008206633422311
1.4 400 9.23011490909823
1.5 400 9.757493095202522
1.6 400 9.864839890562552
1.7 400 9.955659460921488
1.8 400 10.036688177873145
1.9 400 10.10160884804697
2.0 400 10.23936356461041
2.1 400 10.609859593071342
2.2 400 11.000154286537237
2.3 400 11.537706836618964
2.4 400 12.197471851437104
2.5 400 12.978062008086985
2.6 400 13.552056167023045
2.8 400 15.233082979257704
3.0 400 17.142171940373068
3.5 400 23.430122532429632
4.0 400 29.61358341991652
