0.1 500 8.846319602480756
0.2 500 7.056351411790084
0.3 500 6.2972265210027745
0.4 500 6.14350690336743
0.5 500 5.8136832040016
0.6 500 5.32373743601929
0.7 500 4.936968602453008
0.8 500 4.587495606305274
0.9 500 4.379621169978953
1.0 500 4.354463477771404
1.1 500 4.169608865445614
1.2 500 3.8035138390958045
1.3 500 3.4594429667960154
1.4 500 3.225904305481831
1.5 500 3.0990539915513433
1.6 500 3.02127818320633
1.7 500 2.965270880288027
1.8 500 2.8698418301262985
1.9 500 2.7667467329762583
2.0 500 2.6827464239443923
2.1 500 2.6275642745886363
2.2 500 2.606720136054811
2.3 500 2.5958544090826257
2.4 500 2.621782816994786
2.5 500 2.662567836824387
2.6 500 2.674075076838587
2.8 500 2.7457085676404964
3.0 500 2.689837262244825
3.5 500 3.538446558819401
4.0 500 5.798209985660209
