0.1 400 32.88673106360095
0.2 400 32.78632357806885
0.3 400 25.616066762780196
0.4 400 19.832970823340585
0.5 400 16.03730693450728
0.6 400 12.625219719737018
0.7 400 12.350656187628168
0.8 400 12.23739955286721
0.9 400 11.956645597218227
1.0 400 11.245595599531695
1.1 400 10.544831280477023
1.2 400 10.074293599170545
1.3 400 10.122621706085498
1.4 400 10.23674655807417
1.5 400 10.171623205501373
1.6 400 10.341365337298162
1.7 400 10.386786921095744
1.8 400 10.536104690259865
1.9 400 10.709786515510482
2.0 400 11.77619133061654
2.1 400 12.444522475462763
2.2 400 12.697856504569787
2.3 400 13.416994583269776
2.4 400 13.80864213467641
2.5 400 14.258991309073977
2.6 400 15.071330954530113
2.8 400 16.109751883165586
3.0 400 17.769764116832906
3.5 400 23.07701455502264
4.0 400 27.814543793785464
