0.1 600 15.757742703707137
0.2 600 6.067017538457167
0.3 600 5.30590054961474
0.4 600 5.945647526934932
0.5 600 6.9690896608076365
0.6 600 7.61524331768986
0.7 600 8.165759834653267
0.8 600 8.585958684416143
0.9 600 8.446236065188513
1.0 600 8.618708767852164
1.1 600 8.777251031370746
1.2 600 8.902877262351183
1.3 600 8.956379323051387
1.4 600 9.015014531277805
1.5 600 9.418821815820854
1.6 600 9.42707446993652
1.7 600 9.336757942950891
1.8 600 9.441719785044905
1.9 600 9.675936349854078
2.0 600 9.827728853197973
2.1 600 10.031282445155682
2.2 600 10.342170958808161
2.3 600 10.720213887951923
2.4 600 11.747254865466662
2.5 600 12.369477765428808
2.6 600 12.922179141825959
2.8 600 14.228506219529743
3.0 600 15.736493757761417
3.5 600 20.423660282871097
4.0 600 26.455561182690236
