0.1 400 34.23894915098329
0.2 400 26.701071821344996
0.3 400 18.375257538066393
0.4 400 13.427933460142535
0.5 400 10.609676971479976
0.6 400 10.399945695773626
0.7 400 9.886970490484769
0.8 400 9.501774243358229
0.9 400 8.705178342515733
1.0 400 8.70038186664233
1.1 400 8.59865867518448
1.2 400 8.822347220369075
1.3 400 8.816448803279595
1.4 400 9.467598793453424
1.5 400 9.78339347488457
1.6 400 9.809763988661391
1.7 400 9.839743074199509
1.8 400 9.658100601960916
1.9 400 9.688639539810136
2.0 400 9.942221881182737
2.1 400 10.134221339888985
2.2 400 10.331618347748535
2.3 400 10.74832658065245
2.4 400 11.980750181958296
2.5 400 12.50568194170659
2.6 400 13.397797358406606
2.8 400 14.784377902056768
3.0 400 16.849356748119757
3.5 400 23.397539323996618
4.0 400 29.26819465494451
