0.1 600 30.403459345840407
0.2 600 21.45154198450522
0.3 600 12.155414869869597
0.4 600 9.834016950627326
0.5 600 9.181648515055922
0.6 600 8.494291050973294
0.7 600 8.873806660410796
0.8 600 9.259664135269858
0.9 600 9.257816955085877
1.0 600 9.156235496246275
1.1 600 9.35234488280741
1.2 600 9.290586860220571
1.3 600 9.227846415544567
1.4 600 9.407104522151048
1.5 600 9.656523447729176
1.6 600 9.911944108042242
1.7 600 9.987161676179545
1.8 600 9.890435002925674
1.9 600 9.913066067840555
2.0 600 10.170258781279676
2.1 600 10.380358671428962
2.2 600 10.466398544616828
2.3 600 10.797905354646675
2.4 600 11.232437084129716
2.5 600 12.169594643286823
2.6 600 12.903657713806394
2.8 600 14.304067839319778
3.0 600 16.04977187166057
3.5 600 20.96479236534326
4.0 600 26.81748144254691
