0.1 600 34.93223489524991
0.2 600 33.07507421464658
0.3 600 23.590809614528343
0.4 600 17.577886047513065
0.5 600 12.838087846743804
0.6 600 11.454191410594401
0.7 600 11.089740959134902
0.8 600 10.67016748848908
0.9 600 10.76456816001765
1.0 600 11.169550555180685
1.1 600 10.59013380822294
1.2 600 10.57041214469482
1.3 600 10.711539622530964
1.4 600 10.498885091550857
1.5 600 10.396748269962165
1.6 600 10.428065759969943
1.7 600 10.677110304371688
1.8 600 10.857750766795553
1.9 600 11.095943565566959
2.0 600 11.389303844330117
2.1 600 11.745055941495743
2.2 600 12.154334403725912
2.3 600 12.592035939134112
2.4 600 13.073988830598125
2.5 600 13.821260790432353
2.6 600 14.773621585719075
2.8 600 15.944418892753015
3.0 600 17.3809622314881
3.5 600 21.809878971012694
4.0 600 26.04774344896602
