0.1 700 7.9012460406680765
0.2 700 6.622368487394075
0.3 700 6.065059085380617
0.4 700 5.589389295041683
0.5 700 5.442066021978287
0.6 700 5.190896587850375
0.7 700 4.862363672398491
0.8 700 4.745707789889766
0.9 700 4.453560122480265
1.0 700 4.204525787120798
1.1 700 4.252023687011658
1.2 700 4.1842950506927155
1.3 700 3.9251201027082105
1.4 700 3.6590901252944845
1.5 700 3.4362397515814145
1.6 700 3.228976763953344
1.7 700 3.0714033554875244
1.8 700 2.957311902236833
1.9 700 2.8516246999820423
2.0 700 2.757141551943909
2.1 700 2.7104204783937815
2.2 700 2.7105983710892536
2.3 700 2.6990848183482634
2.4 700 2.702152698081116
2.5 700 2.7087336445736945
2.6 700 2.6812805644638003
2.8 700 2.725565342801934
3.0 700 2.737713214865045
3.5 700 3.113566671323714
4.0 700 4.360905231379049
