0.1 300 136.49679947136642
0.2 300 61.82998775061914
0.3 300 61.288211125664574
0.4 300 64.59110629024646
0.5 300 68.75331731166305
0.6 300 72.98188017719312
0.7 300 73.34478408592497
0.8 300 76.10837421564679
0.9 300 81.20050097635031
1.0 300 84.81923722632006
1.1 300 90.01825147637457
1.2 300 96.99094450240725
1.3 300 102.55457621030035
1.4 300 106.36930498448028
1.5 300 119.80223075321697
1.6 300 139.16818255469366
1.7 300 146.77309890501817
1.8 300 146.38319588730815
1.9 300 145.87755897551577
2.0 300 151.0764684463408
2.1 300 170.2778349824902
2.2 300 208.56326658265257
2.3 300 254.64576614887756
2.4 300 289.9478869941136
2.5 300 313.28099996976135
2.6 300 330.66887565593373
2.8 300 360.3338354620247
3.0 300 391.37954475872954
3.5 300 495.34887873502396
4.0 300 648.3967735218906
