0.1 400 9.680888895586442
0.2 400 7.481677218171099
0.3 400 6.8162690251513105
0.4 400 6.549178159719067
0.5 400 6.3394282462686515
0.6 400 5.580029242130274
0.7 400 5.205823413982846
0.8 400 4.929689468220313
0.9 400 4.775431230501285
1.0 400 4.493419902945204
1.1 400 4.1437720532391396
1.2 400 3.774556131008555
1.3 400 3.4974766992101087
1.4 400 3.3226580322709043
1.5 400 3.157977952619449
1.6 400 3.031814005765477
1.7 400 2.9261575622690734
1.8 400 2.873273106143036
1.9 400 2.7816870582439486
2.0 400 2.6911704699078
2.1 400 2.6616257884529317
2.2 400 2.6393385696559304
2.3 400 2.6529009918995143
2.4 400 2.6546228100432954
2.5 400 2.6852350323675975
2.6 400 2.688813741076746
2.8 400 2.668603353070456
3.0 400 2.8558141623113964
3.5 400 4.467146364353841
4.0 400 7.136476943420294
