0.1 400 9.271134472285109
0.2 400 6.3905948437074
0.3 400 5.662110655285537
0.4 400 5.301478078039076
0.5 400 5.381219916215506
0.6 400 4.96146530483881
0.7 400 4.663424884372679
0.8 400 4.595468579080964
0.9 400 4.4994123530198245
1.0 400 4.210844206189267
1.1 400 3.8864063219451173
1.2 400 3.602905919571397
1.3 400 3.398515365227084
1.4 400 3.279288648533354
1.5 400 3.176335677634147
1.6 400 3.0450963827972157
1.7 400 2.944576772332113
1.8 400 2.8667892303722864
1.9 400 2.7782031061212473
2.0 400 2.6908790101612112
2.1 400 2.662404832425476
2.2 400 2.6430698698784596
2.3 400 2.6578817879771
2.4 400 2.660943377729206
2.5 400 2.692155658837925
2.6 400 2.6962224202197747
2.8 400 2.675218419969448
3.0 400 2.857591523802516
3.5 400 4.468349357329788
4.0 400 7.138138570338588
