0.1 400 30.774886975751667
0.2 400 28.661402256022072
0.3 400 18.264693682468526
0.4 400 12.604461672452807
0.5 400 9.499282908474422
0.6 400 9.690003111714766
0.7 400 9.439599026448304
0.8 400 8.855262394163324
0.9 400 8.3464706802603
1.0 400 8.514668619071664
1.1 400 8.310562899479732
1.2 400 8.278247018497645
1.3 400 8.56171688314454
1.4 400 9.404028265318448
1.5 400 9.48287495823862
1.6 400 9.52638908675704
1.7 400 9.51787599014816
1.8 400 9.498871575030627
1.9 400 9.738131994684139
2.0 400 9.876389023174834
2.1 400 9.99250131464708
2.2 400 10.261514862301343
2.3 400 10.642993500646469
2.4 400 11.121397316932628
2.5 400 12.084727583443106
2.6 400 12.952487503140459
2.8 400 14.78206041794735
3.0 400 17.12721051941372
3.5 400 22.810764240080662
4.0 400 29.20482027099687
