0.1 300 22.92429194794417
0.2 300 8.056693172026675
0.3 300 5.65869397003209
0.4 300 5.177949887954432
0.5 300 5.061340035179846
0.6 300 5.233706531098846
0.7 300 5.640510637991847
0.8 300 5.981873253736572
0.9 300 6.233902672163608
1.0 300 6.300060060995946
1.1 300 6.361878868499534
1.2 300 6.847544229066157
1.3 300 7.237690196206422
1.4 300 7.703344505882678
1.5 300 7.939435166737492
1.6 300 8.114313346959625
1.7 300 8.283567434037062
1.8 300 8.50188414082562
1.9 300 8.77506674437044
2.0 300 9.107125422928368
2.1 300 9.473479497108102
2.2 300 9.987937156275907
2.3 300 11.366254192341868
2.4 300 11.807946614929989
2.5 300 12.573341235835047
2.6 300 13.199127498683286
2.8 300 15.052126098086454
3.0 300 17.68012275139354
3.5 300 22.506960715111028
4.0 300 27.778309137726332
