0.1 600 36.738166615515524
0.2 600 37.378607860267316
0.3 600 24.220145764399767
0.4 600 16.60334666655065
0.5 600 12.09265269307579
0.6 600 10.518987707098061
0.7 600 9.963970956895064
0.8 600 10.019598248005124
0.9 600 10.030476731417915
1.0 600 10.448132385892533
1.1 600 9.996963510240512
1.2 600 9.96466236340996
1.3 600 10.195117130882666
1.4 600 10.126500157558025
1.5 600 10.065440491649712
1.6 600 10.25517290577098
1.7 600 10.343539412988502
1.8 600 10.597781125045877
1.9 600 10.900284518521381
2.0 600 11.166228822981608
2.1 600 11.534652757052111
2.2 600 11.911446546565873
2.3 600 12.22063374385205
2.4 600 12.595578265751907
2.5 600 13.18631731729797
2.6 600 13.736562611961382
2.8 600 15.490819627609675
3.0 600 16.435386090015246
3.5 600 20.684597583445857
4.0 600 25.334180596881517
