0.1 700 32.00584101481768
0.2 700 20.123849710434026
0.3 700 10.78872089144363
0.4 700 9.681622976749013
0.5 700 9.105616214627908
0.6 700 9.292468308287901
0.7 700 9.38916605279321
0.8 700 9.371255782576876
0.9 700 9.46694514921692
1.0 700 9.550552321936037
1.1 700 9.642885922281687
1.2 700 9.703074349605494
1.3 700 9.884966430347802
1.4 700 9.74912525322511
1.5 700 9.810182347113464
1.6 700 9.827535252409126
1.7 700 9.978754539810614
1.8 700 10.026020067343888
1.9 700 10.059709000318879
2.0 700 10.069461741799362
2.1 700 10.396483579404023
2.2 700 10.676934213442848
2.3 700 10.698932925025055
2.4 700 11.615723930915545
2.5 700 12.286949902609972
2.6 700 12.818345899355066
2.8 700 14.145164429793025
3.0 700 15.82621846373602
3.5 700 20.71209115648435
4.0 700 26.10997379521832
