0.1 400 186.35032837500123
0.2 400 86.35782263750839
0.3 400 54.87958999218066
0.4 400 54.47358752317939
0.5 400 59.49091250387111
0.6 400 61.301089142103955
0.7 400 64.26083167715058
0.8 400 68.11418320117359
0.9 400 71.78063756375253
1.0 400 74.26804402199136
1.1 400 76.56181060482622
1.2 400 80.66851160677182
1.3 400 83.36301241871892
1.4 400 84.1444501613605
1.5 400 85.1420036870428
1.6 400 86.94214745062236
1.7 400 88.85828252891534
1.8 400 93.03916027829766
1.9 400 97.53422422478326
2.0 400 100.82855662085791
2.1 400 102.27146925799457
2.2 400 104.19158859979242
2.3 400 109.70579923881635
2.4 400 120.3146118428235
2.5 400 132.23589825442875
2.6 400 139.4632057412037
2.8 400 141.20413651466907
3.0 400 141.3008742838893
3.5 400 239.3705079947423
4.0 400 350.498063413431
