0.1 700 29.5188664163611
0.2 700 24.3518705275186
0.3 700 15.188977096274957
0.4 700 11.324693547547728
0.5 700 10.101196326537053
0.6 700 9.676543709216064
0.7 700 9.48352881583469
0.8 700 9.764333672649693
0.9 700 9.659213147099283
1.0 700 9.583235341425617
1.1 700 9.804191815043351
1.2 700 9.891208341862571
1.3 700 9.95469218781852
1.4 700 10.054756495975422
1.5 700 9.980945413114698
1.6 700 10.037263093286798
1.7 700 10.23384865588905
1.8 700 10.31733558741328
1.9 700 10.519597542298829
2.0 700 10.54495341627997
2.1 700 10.782530720239592
2.2 700 11.031603642697844
2.3 700 11.716055517950274
2.4 700 11.781127568032625
2.5 700 12.422069271411551
2.6 700 12.801200842263253
2.8 700 14.203361808689706
3.0 700 15.667328392315591
3.5 700 20.83180565374204
4.0 700 26.60100340812335
