0.1 700 68.32188426871626
0.2 700 56.485025868799546
0.3 700 61.06600556945802
0.4 700 63.24187266279389
0.5 700 63.955796972915145
0.6 700 70.48635548018567
0.7 700 76.49935414577051
0.8 700 84.9464365992821
0.9 700 89.88478192321827
1.0 700 90.75556895750869
1.1 700 89.9920914037286
1.2 700 90.08638952265052
1.3 700 90.65572686359135
1.4 700 90.73172885021718
1.5 700 94.5733606563074
1.6 700 99.263243347173
1.7 700 102.11425531143391
1.8 700 108.64391379186151
1.9 700 120.71613895730412
2.0 700 130.95883335748474
2.1 700 135.28284985885412
2.2 700 136.29997985653907
2.3 700 136.8139057164866
2.4 700 138.4436468119451
2.5 700 144.57157501964764
2.6 700 162.21468152143046
2.8 700 238.29354786669182
3.0 700 316.3012811397079
3.5 700 490.20607238224545
4.0 700 609.4761241927622
