0.1 300 11.192917512070382
0.2 300 7.950235126295237
0.3 300 7.51289638623929
0.4 300 7.0291473702784
0.5 300 6.482543542783352
0.6 300 6.250963230810627
0.7 300 5.694801319178303
0.8 300 5.158057515028826
0.9 300 4.741739015974383
1.0 300 4.455377777979175
1.1 300 4.063523964299194
1.2 300 3.636255696425118
1.3 300 3.423242207312404
1.4 300 3.287201700296104
1.5 300 3.195445771781603
1.6 300 3.0817793661533783
1.7 300 3.028501786242083
1.8 300 2.954146028150921
1.9 300 2.9083621772836667
2.0 300 2.883704872503399
2.1 300 2.9336002286374665
2.2 300 2.869334794994735
2.3 300 2.8110336235054927
2.4 300 2.785580061362008
2.5 300 2.810423758461296
2.6 300 2.898311795879127
2.8 300 3.1769682091075007
3.0 300 3.64559866016752
3.5 300 5.929005525243339
4.0 300 8.809084130720896
