0.1 600 83.87826202579221
0.2 600 53.55375373697195
0.3 600 57.12553559514038
0.4 600 61.339668407681
0.5 600 64.26108591480175
0.6 600 66.96255268815702
0.7 600 73.82357897562358
0.8 600 78.6690202003534
0.9 600 90.64146145013437
1.0 600 90.12325591232127
1.1 600 89.73245460596102
1.2 600 89.96041918852993
1.3 600 90.63200062301048
1.4 600 91.5357438342523
1.5 600 97.00031742023073
1.6 600 100.16462829781565
1.7 600 103.3164694609366
1.8 600 112.71462433066117
1.9 600 126.47451049042077
2.0 600 134.67783116294973
2.1 600 136.93604266300537
2.2 600 137.2041373208012
2.3 600 138.09192513532693
2.4 600 143.008200851301
2.5 600 158.86754871792607
2.6 600 192.1239518570009
2.8 600 277.4115732799524
3.0 600 354.5912169292027
3.5 600 491.43769625324
4.0 600 609.5395835288085
