0.1 500 14.847691826941311
0.2 500 5.785320927346513
0.3 500 5.322354005651895
0.4 500 5.4414791214103815
0.5 500 5.958676322936472
0.6 500 6.472537624570996
0.7 500 6.768385431822873
0.8 500 7.2186200544214465
0.9 500 7.521684407536165
1.0 500 7.965356703890386
1.1 500 8.334943933760123
1.2 500 8.472440447610031
1.3 500 8.415313420321276
1.4 500 8.420578795314173
1.5 500 8.511779467618654
1.6 500 8.760611438779517
1.7 500 9.032958835132609
1.8 500 9.432236373257323
1.9 500 9.403931478059567
2.0 500 9.546183189419668
2.1 500 9.82094426029563
2.2 500 10.245589440164414
2.3 500 11.053103060756255
2.4 500 11.746187524088375
2.5 500 12.266128574073175
2.6 500 12.829870519823048
2.8 500 14.09251403339383
3.0 500 15.58671145870214
3.5 500 21.678346995774838
4.0 500 27.158612812575697
