0.1 600 8.24868135033459
0.2 600 6.765738783669281
0.3 600 6.030831385331375
0.4 600 5.99471418389341
0.5 600 5.659548483754794
0.6 600 5.333173987110601
0.7 600 4.899275043589257
0.8 600 4.646938739410201
0.9 600 4.354094691229684
1.0 600 4.26971806694784
1.1 600 4.222865797453247
1.2 600 4.084403475935905
1.3 600 3.761349984701494
1.4 600 3.482634740206391
1.5 600 3.3471739850382622
1.6 600 3.218090175524889
1.7 600 3.083547036453793
1.8 600 2.9675654488590855
1.9 600 2.841484058403487
2.0 600 2.7467302785857934
2.1 600 2.701387232154906
2.2 600 2.695944236427425
2.3 600 2.6751398500605377
2.4 600 2.669423778713654
2.5 600 2.672695271273775
2.6 600 2.718667844719184
2.8 600 2.8312319873495007
3.0 600 2.7869660263563474
3.5 600 3.198934055279968
4.0 600 4.883082090650394
