0.1 500 9.045926399330533
0.2 500 6.036746628531458
0.3 500 4.863510554411061
0.4 500 4.469471087241439
0.5 500 4.248250847722087
0.6 500 4.121189785858999
0.7 500 3.9381142818920454
0.8 500 3.694890768961975
0.9 500 3.5684399151300306
1.0 500 3.5615653543285033
1.1 500 3.409987773238855
1.2 500 3.192487827967593
1.3 500 3.043616115540969
1.4 500 2.966723675154491
1.5 500 2.9358289223771337
1.6 500 2.904201645793658
1.7 500 2.838520771526278
1.8 500 2.7650703651092363
1.9 500 2.697048254590841
2.0 500 2.648368028154655
2.1 500 2.6317207864228385
2.2 500 2.622723152074957
2.3 500 2.6326007280535832
2.4 500 2.6622799520655716
2.5 500 2.677753018647382
2.6 500 2.7178077076630025
2.8 500 2.7859212016047157
3.0 500 2.7963169605438005
3.5 500 3.6609072373878755
4.0 500 5.838872006087211
