0.1 700 8.822455248836212
0.2 700 5.528116485349678
0.3 700 4.689349289423879
0.4 700 4.459051605675722
0.5 700 4.518559292052837
0.6 700 4.411191738310279
0.7 700 4.338527740151412
0.8 700 4.238687718148418
0.9 700 4.042996769220498
1.0 700 3.831863565469865
1.1 700 3.923192735775375
1.2 700 3.916428104017324
1.3 700 3.7357397460279573
1.4 700 3.499025345493615
1.5 700 3.320744711292697
1.6 700 3.1605494194938664
1.7 700 3.030241759157464
1.8 700 2.9225051643567364
1.9 700 2.827320814663115
2.0 700 2.76533980964872
2.1 700 2.7082572950152044
2.2 700 2.708921260968092
2.3 700 2.6989650615671534
2.4 700 2.702056517618663
2.5 700 2.7078746286785176
2.6 700 2.6823731538612683
2.8 700 2.728093186703554
3.0 700 2.740624631973958
3.5 700 3.117998037818351
4.0 700 4.361900716704984
