0.1 700 7.844802738857937
0.2 700 6.48395153762108
0.3 700 6.038702268880615
0.4 700 5.575911119398078
0.5 700 5.439208517391642
0.6 700 5.1900145063473335
0.7 700 4.862146175945009
0.8 700 4.745625709298423
0.9 700 4.453526579152168
1.0 700 4.204513001302949
1.1 700 4.252019552245784
1.2 700 4.184292590780307
1.3 700 3.9251187375840444
1.4 700 3.659089386556024
1.5 700 3.436239349171352
1.6 700 3.2289766008645513
1.7 700 3.07140328609111
1.8 700 2.957311871278559
1.9 700 2.8516246903032334
2.0 700 2.75714155694708
2.1 700 2.710420484168425
2.2 700 2.710598352172093
2.3 700 2.699084800833059
2.4 700 2.702152715238192
2.5 700 2.7087335757105877
2.6 700 2.6812806408923757
2.8 700 2.7255651230381934
3.0 700 2.737713373518435
3.5 700 3.1135635042272076
4.0 700 4.36089488482713
