0.1 500 8.84595687083185
0.2 500 6.130534715182219
0.3 500 5.465529652946725
0.4 500 5.368423587194257
0.5 500 5.263455862567703
0.6 500 5.007197571426416
0.7 500 4.728932853181521
0.8 500 4.44366747318795
0.9 500 4.288821831792895
1.0 500 4.282576384588753
1.1 500 4.106124112758836
1.2 500 3.7641505951239274
1.3 500 3.44088210657272
1.4 500 3.222101179724063
1.5 500 3.0990618780070047
1.6 500 3.022809199760277
1.7 500 2.9648123814515652
1.8 500 2.868423099710667
1.9 500 2.7657828696998124
2.0 500 2.6812351231978906
2.1 500 2.6259846304742798
2.2 500 2.6058959218395743
2.3 500 2.5957369389660987
2.4 500 2.621797590059101
2.5 500 2.662773771634822
2.6 500 2.674334826259589
2.8 500 2.746082047653103
3.0 500 2.690068326758468
3.5 500 3.538317765928496
4.0 500 5.798250904854653
