0.1 300 34.50746974089866
0.2 300 28.94730215935591
0.3 300 30.42421048899576
0.4 300 23.117918337095805
0.5 300 16.837857236810482
0.6 300 13.646655987529478
0.7 300 10.784981736679548
0.8 300 10.720333061397332
0.9 300 10.177317320432062
1.0 300 9.797436344518811
1.1 300 9.278562347141508
1.2 300 9.186769622339384
1.3 300 9.44472670017203
1.4 300 9.618474404676498
1.5 300 9.883974635375045
1.6 300 10.255517657008957
1.7 300 10.20321985512922
1.8 300 10.409754645769437
1.9 300 10.520577556669116
2.0 300 10.789875450943711
2.1 300 11.377581848145056
2.2 300 12.010389725672761
2.3 300 12.760111697480163
2.4 300 13.983494543494883
2.5 300 14.537876973862902
2.6 300 15.365335351839953
2.8 300 16.594519109743565
3.0 300 18.638447073470243
3.5 300 23.65592603247696
4.0 300 29.03447845358335
