0.2 10.55341319483217
0.3 3.48505515769621
0.4 3.4501382222472667
0.5 2.942675147195153
0.6 3.117037385909219
0.7 3.4110344471513807
0.8 3.9454189485103477
0.9 4.534264151755228
1.0 4.890616334148261
1.2 5.239054965946222
1.4 5.773092447239096
1.6 5.988939266848166
1.8 6.189156761623904
2.0 6.278482811755262
2.2 6.2639628245033565
2.4 6.200062663015374
2.6 6.163342923343566
2.8 6.1909346105895375
3.0 6.321730391730768
3.2 6.524670245967384
3.4 6.724824198871766
3.6 6.894159757762775
3.8 7.025029361741155
4.0 7.120272407529883
4.2 7.195808746157318
4.4 7.2368034690207965
4.6 7.298000000101323
4.8 7.393776133429326
5.0 7.481373778644852
5.2 7.638235505575051
5.4 7.732357175640583
5.6 7.819331390338411
5.8 7.957071483072641
6.0 8.101471086960204
