0.6 10.221911881702065
0.8 9.8119810260353
1.0 8.836151027656006
1.2 8.100160358726113
1.4 8.59390256519832
1.6 8.747721887774087
1.8 8.485970392814002
2.0 7.575799980816646
2.1 7.36172941001169
2.2 7.249663872385505
2.3 7.1820625102140525
2.4 7.182093437305115
2.5 7.239645366490792
2.6 7.3204893345919455
2.8 7.4137959768929775
3.0 7.454901434880062
3.2 7.746134804440125
3.4 8.427567638064247
3.6 8.974871695283316
3.8 9.665810113567048
4.0 10.507529606136966
4.2 10.578846532769655
4.4 10.721207440324
4.6 11.906034368964553
4.8 12.310651546463548
5.0 11.95531399400131
5.2 12.641620377294
5.4 12.625362177587524
5.6 12.212296792449623
5.8 11.9699974622852
6.0 12.462649375613102
