0.2 0.0 11.433517456054688
0.2 0.1 11.246753692626953
0.2 0.2 11.611106872558594
0.2 0.3 14.343016624450684
0.2 0.4 18.5305118560791
0.25 0.0 11.014532089233398
0.25 0.1 10.270384788513184
0.25 0.2 9.303033828735352
0.25 0.3 10.69338321685791
0.25 0.4 14.165247917175293
0.3 0.0 11.871604919433594
0.3 0.1 10.16052532196045
0.3 0.2 8.965662002563477
0.3 0.3 9.048644065856934
0.3 0.4 11.243565559387207
0.4 0.0 11.786928176879883
0.4 0.1 11.445191383361816
0.4 0.2 10.758500099182129
0.4 0.3 9.887067794799805
0.4 0.4 10.632973670959473
0.5 0.0 12.745457649230957
0.5 0.1 12.305057525634766
0.5 0.2 11.885380744934082
0.5 0.3 10.782698631286621
0.5 0.4 11.039202690124512
