1.2 0.0 7.9786200523376465
1.2 0.1 7.824290752410889
1.2 0.2 7.641966342926025
1.2 0.3 7.442653656005859
1.2 0.4 7.194268703460693
1.4 0.0 7.9164299964904785
1.4 0.1 7.759618282318115
1.4 0.2 7.566298961639404
1.4 0.3 7.337399959564209
1.4 0.4 7.0938334465026855
1.6 0.0 7.930692195892334
1.6 0.1 7.742381572723389
1.6 0.2 7.460184097290039
1.6 0.3 7.3209228515625
1.6 0.4 7.111042022705078
1.8 0.0 7.837337017059326
1.8 0.1 7.6508283615112305
1.8 0.2 7.469471454620361
1.8 0.3 7.298196792602539
1.8 0.4 7.115612983703613
2.0 0.0 7.769106864929199
2.0 0.1 7.539018154144287
2.0 0.2 7.48354959487915
2.0 0.3 7.366452693939209
2.0 0.4 7.285768985748291
