3.0 0.0 7.3044209480285645
3.0 0.1 7.171061038970947
3.0 0.2 7.008495330810547
3.0 0.3 6.863603115081787
3.0 0.4 6.74244499206543
3.5 0.0 6.56591272354126
3.5 0.1 6.543435096740723
3.5 0.2 6.564842224121094
3.5 0.3 6.567680358886719
3.5 0.4 6.429083824157715
4.0 0.0 6.053768634796143
4.0 0.1 5.991189002990723
4.0 0.2 5.924520492553711
4.0 0.3 5.893087387084961
4.0 0.4 5.877761363983154
4.5 0.0 5.563431739807129
4.5 0.1 5.62954044342041
4.5 0.2 5.60428524017334
4.5 0.3 5.5166497230529785
4.5 0.4 5.439201831817627
5.0 0.0 5.0102105140686035
5.0 0.1 5.11438512802124
5.0 0.2 5.2213029861450195
5.0 0.3 5.252707004547119
5.0 0.4 5.188049793243408
