1.6 0.0 4.155426025390625
1.6 0.1 4.138839244842529
1.6 0.2 4.118948936462402
1.6 0.3 4.01603364944458
1.6 0.4 3.8694441318511963
1.8 0.0 3.9086477756500244
1.8 0.1 3.8671271800994873
1.8 0.2 3.882660150527954
1.8 0.3 3.908609628677368
1.8 0.4 3.7502477169036865
2.0 0.0 3.895317554473877
2.0 0.1 3.7079524993896484
2.0 0.2 3.6513564586639404
2.0 0.3 3.652458429336548
2.0 0.4 3.6597421169281006
2.2 0.0 3.89805006980896
2.2 0.1 3.7413177490234375
2.2 0.2 3.585005521774292
2.2 0.3 3.465071201324463
2.2 0.4 3.4619503021240234
2.4 0.0 4.267109394073486
2.4 0.1 3.989262104034424
2.4 0.2 3.746166467666626
2.4 0.3 3.4757080078125
2.4 0.4 3.345604419708252
