0.1 600 9.231892448496279
0.2 600 6.455645459951117
0.3 600 4.79119878385037
0.4 600 4.68400707412602
0.5 600 4.6727121592036065
0.6 600 4.663224768640729
0.7 600 4.33574862122297
0.8 600 4.134984420587635
0.9 600 3.8289729223397098
1.0 600 3.665464867314929
1.1 600 3.490149384391061
1.2 600 3.2173007412279726
1.3 600 3.051011794437011
1.4 600 2.97730753795168
1.5 600 2.9888193601313726
1.6 600 3.0186377046650494
1.7 600 3.0302799146685264
1.8 600 3.0544394331349976
1.9 600 3.1027608825768347
2.0 600 3.1550114548164503
2.1 600 3.226788161694794
2.2 600 3.202055854823977
2.3 600 3.2372778435019263
2.4 600 3.269841920622427
2.5 600 3.367580775116165
2.6 600 3.3476800320933453
2.8 600 3.287437414560762
3.0 600 3.079150689607623
3.5 600 3.8044827643396943
4.0 600 5.65295890552977
