0.1 300 14.175449526435468
0.2 300 10.997101614020645
0.3 300 9.740854209702562
0.4 300 8.473495991479489
0.5 300 7.541309750042148
0.6 300 7.051669081509889
0.7 300 7.3043985182974005
0.8 300 7.324037256453769
0.9 300 7.931486743095532
1.0 300 8.785546535464798
1.1 300 9.48401930251723
1.2 300 9.140614663728241
1.3 300 9.374739263122098
1.4 300 10.484504116925558
1.5 300 10.67607521890619
1.6 300 10.673012714909223
1.7 300 10.813253526494403
1.8 300 11.117746727215655
1.9 300 11.14375080739724
2.0 300 11.367518825110931
2.1 300 11.590640740684035
2.2 300 11.914675945028424
2.3 300 12.947933455443462
2.4 300 14.51722839756436
2.5 300 17.54041815280095
2.6 300 20.618978277321077
2.8 300 24.453511880421818
3.0 300 25.46830958104446
3.5 300 25.13977074166071
4.0 300 47.65858988997125
