0.1 500 47.48804106583228
0.2 500 44.52747148572362
0.3 500 30.816246440527717
0.4 500 17.36813101566541
0.5 500 13.964075418679494
0.6 500 15.4066442073737
0.7 500 13.677754338337305
0.8 500 13.237748355803108
0.9 500 12.374493414771718
1.0 500 12.774570049544552
1.1 500 13.076594611494826
1.2 500 13.037308375670891
1.3 500 12.998188506956886
1.4 500 13.207397245719319
1.5 500 13.486223885859005
1.6 500 13.659148155930842
1.7 500 13.822315936899145
1.8 500 13.63161734232292
1.9 500 13.901054182180603
2.0 500 14.6759698043454
2.1 500 17.807823467702473
2.2 500 19.909706140269947
2.3 500 14.343003703831508
2.4 500 14.926139515109668
2.5 500 15.87285080511212
2.6 500 17.09879755477508
2.8 500 20.44530634094464
3.0 500 24.832145950777036
3.5 500 31.786737239976702
4.0 500 48.94280110846505
