0.1 300 52.1776044256689
0.1 400 51.6934757501122
0.1 500 51.961916961307494
0.1 600 52.17255003714194
0.1 700 52.67562512067185
0.2 300 51.403723005154184
0.2 400 51.4315424162005
0.2 500 51.353551486513005
0.2 600 49.68619455835645
0.2 700 50.1260316204612
0.3 300 45.65420022197517
0.3 400 41.953649020216226
0.3 500 50.29890969866203
0.3 600 66.63823009762945
0.3 700 64.49546396241585
0.4 300 42.944102276151554
0.4 400 43.07237934470008
0.4 500 37.85775119510958
0.4 600 34.76331910565474
0.4 700 32.05743025137993
0.5 300 37.943530726336455
0.5 400 30.9217127192116
0.5 500 25.517593083342952
0.5 600 28.38764332450463
0.5 700 23.202842599721137
0.6 300 26.83685069151721
0.6 400 22.53932310816879
0.6 500 28.393530321484544
0.6 600 24.849072700711115
0.6 700 20.095037714386716
0.7 300 23.593314558240635
0.7 400 19.755829419371967
0.7 500 22.79018743489788
0.7 600 17.785999977925453
0.7 700 17.625558662183014
0.8 300 21.94461669927454
0.8 400 18.084765931594873
0.8 500 17.440053132117896
0.8 600 17.175733652976707
0.8 700 18.095130052161313
0.9 300 17.752080079290984
0.9 400 19.36542193364914
0.9 500 17.764516941835925
0.9 600 17.69406582291763
0.9 700 19.036003102310282
1.0 300 17.9054038311899
1.0 400 18.948815989355616
1.0 500 18.704815774336694
1.0 600 17.599024215350198
1.0 700 17.56332310343212
1.1 300 20.28627746381914
1.1 400 18.693016863203958
1.1 500 17.603739896477055
1.1 600 17.76768216122832
1.1 700 17.695487409695545
1.2 300 20.12687438364415
1.2 400 18.134116000347255
1.2 500 16.053929576180586
1.2 600 17.856902774667375
1.2 700 17.008237095855836
1.3 300 17.932298310260737
1.3 400 17.14235116931422
1.3 500 15.785536965854
1.3 600 17.074389092593435
1.3 700 16.123808983075023
1.4 300 16.57091244373755
1.4 400 16.250126684572603
1.4 500 15.23862144445859
1.4 600 16.064242159988776
1.4 700 15.423072597530512
1.5 300 16.011640029600823
1.5 400 15.521301952854662
1.5 500 14.795202170112496
1.5 600 15.832705115433823
1.5 700 15.481809121750656
1.6 300 15.997956370176103
1.6 400 14.989464320826393
1.6 500 14.63318620719401
1.6 600 15.881711851066946
1.6 700 15.782784632744232
1.7 300 16.2584063070978
1.7 400 14.851181688281795
1.7 500 14.77101115324169
1.7 600 16.04158400274143
1.7 700 15.914486593850192
1.8 300 16.5725963486303
1.8 400 14.869217138456397
1.8 500 14.883152554369252
1.8 600 16.237417264302028
1.8 700 16.12186727333324
1.9 300 17.729043125494485
1.9 400 15.38588783325593
1.9 500 15.433063677636575
1.9 600 16.23747479285543
1.9 700 16.421773175522784
2.0 300 19.32041614734665
2.0 400 16.190872007775038
2.0 500 16.204318232253986
2.0 600 16.598110053958706
2.0 700 16.57325919140358
2.1 300 23.772427146122613
2.1 400 16.595180246415907
2.1 500 17.012170481785205
2.1 600 17.67417289931773
2.1 700 16.882022905216374
2.2 300 16.907831010342314
2.2 400 17.437872442890363
2.2 500 17.759715227840044
2.2 600 17.83457481680534
2.2 700 17.427312678202806
2.3 300 17.587746022271418
2.3 400 18.235210136081417
2.3 500 17.959748103403783
2.3 600 18.56733442678523
2.3 700 18.094347608479325
2.4 300 18.032855504368975
2.4 400 18.614787040929883
2.4 500 18.735746258731012
2.4 600 19.339881232657113
2.4 700 18.80069567942482
2.5 300 18.693804618025506
2.5 400 19.01169955067402
2.5 500 19.101621794376808
2.5 600 19.54624458383709
2.5 700 18.991643693450474
2.6 300 19.573974570988547
2.6 400 19.404941277015332
2.6 500 19.640617818986442
2.6 600 19.762645641920702
2.6 700 19.2618509754284
2.8 300 21.963718943929287
2.8 400 20.444988044205388
2.8 500 21.318087928938088
2.8 600 20.3726991415195
2.8 700 20.347288638875767
3.0 300 24.996480094003974
3.0 400 22.503402616080663
3.0 500 23.56503730607413
3.0 600 21.730616557061918
3.0 700 21.495316749527884
3.5 300 35.01023604927813
3.5 400 32.63094896606765
3.5 500 30.800262221947918
3.5 600 29.089078404782235
3.5 700 27.701470187399238
4.0 300 42.14766729831725
4.0 400 38.4761091059107
4.0 500 35.580569699153244
4.0 600 34.33771829031317
4.0 700 34.68159720171486
