0.1 600 54.59772999513671
0.2 600 52.84158232659081
0.3 600 62.69927411705911
0.4 600 37.448734623821885
0.5 600 28.387277563986714
0.6 600 25.194519626913923
0.7 600 20.68518464233351
0.8 600 18.32414261692312
0.9 600 18.688814735692166
1.0 600 18.63270461982344
1.1 600 20.517590656420577
1.2 600 21.23309956790496
1.3 600 20.125820563355692
1.4 600 18.063650610078092
1.5 600 17.04218783445945
1.6 600 16.665256161072993
1.7 600 16.756028106061603
1.8 600 16.954840313902736
1.9 600 16.920532385009714
2.0 600 17.090527578785565
2.1 600 17.56715027789025
2.2 600 18.196437666873962
2.3 600 18.815871366071775
2.4 600 18.91233816376763
2.5 600 19.615734044552212
2.6 600 19.911329342886397
2.8 600 20.71752050759762
3.0 600 22.019756763353442
3.5 600 29.57583385187689
4.0 600 36.006005588908614
