0.1 600 16.49149904127643
0.2 600 9.201000750383152
0.3 600 7.764575036193534
0.4 600 7.437799138158536
0.5 600 8.38534226878501
0.6 600 8.905316888243798
0.7 600 9.680774101202624
0.8 600 9.815869565999003
0.9 600 10.318423991066151
1.0 600 10.879903412668606
1.1 600 11.806567577056716
1.2 600 12.235459786157808
1.3 600 12.600086224208425
1.4 600 12.787351294649717
1.5 600 12.918819657228566
1.6 600 12.953511218264602
1.7 600 12.925263750927861
1.8 600 12.96427015708316
1.9 600 13.049932752494074
2.0 600 13.669913555266671
2.1 600 14.968107272493686
2.2 600 17.511945578398453
2.3 600 20.456573189821455
2.4 600 24.2709218590283
2.5 600 27.320402148041037
2.6 600 32.58199458965711
2.8 600 18.00835673990519
3.0 600 21.24246579523796
3.5 600 31.304658169168494
4.0 600 48.1779670685769
