0.1 500 14.210702324826629
0.2 500 7.830433026787781
0.3 500 5.735680294999348
0.4 500 4.842832662779501
0.5 500 4.606534723267463
0.6 500 4.484805090352709
0.7 500 4.223526505430942
0.8 500 3.8940053791170564
0.9 500 3.6002076331467507
1.0 500 3.3575174703547237
1.1 500 3.2146456780536767
1.2 500 3.0240018613754693
1.3 500 2.859476034277013
1.4 500 2.778921444837749
1.5 500 2.8252865869174
1.6 500 2.8767124687879244
1.7 500 2.8933729963545796
1.8 500 2.9178597331670675
1.9 500 2.9680292614234025
2.0 500 3.0642759282254857
2.1 500 3.095142346489401
2.2 500 3.0858429062390527
2.3 500 3.0459155388704056
2.4 500 3.054057136687807
2.5 500 3.1440945568887875
2.6 500 3.1063063177613466
2.8 500 2.917918526237551
3.0 500 2.9948740029155685
3.5 500 4.421161466043659
4.0 500 6.6007863300607585
