0.1 600 46.58895364636379
0.2 600 36.712759525689926
0.3 600 18.470170579378117
0.4 600 13.243002602047198
0.5 600 13.768371298895772
0.6 600 12.66301069933319
0.7 600 12.003414217408444
0.8 600 12.036454407539539
0.9 600 11.958633854299137
1.0 600 12.60389243417361
1.1 600 13.484344991623606
1.2 600 13.770525227789795
1.3 600 13.644403676452407
1.4 600 13.645497887126552
1.5 600 13.670626987298817
1.6 600 13.771543364939024
1.7 600 13.762219979798875
1.8 600 13.623286659296735
1.9 600 14.133792397979809
2.0 600 15.306240069484753
2.1 600 18.278933876158707
2.2 600 22.466478716512157
2.3 600 27.635676678430492
2.4 600 14.67642781005315
2.5 600 15.511856957297649
2.6 600 16.40950525321777
2.8 600 18.317789150947306
3.0 600 20.791083810960806
3.5 600 33.155301038957624
4.0 600 52.218283383982644
