0.1 300 12.238008728195156
0.2 300 8.39907814289942
0.3 300 7.743661366700458
0.4 300 7.186648020445805
0.5 300 6.5473447558191875
0.6 300 6.35243988653533
0.7 300 5.860001703798228
0.8 300 5.369257952564026
0.9 300 4.925590477509371
1.0 300 4.48006256974815
1.1 300 4.038467803366233
1.2 300 3.6990172069488447
1.3 300 3.4775114965169975
1.4 300 3.336084718917007
1.5 300 3.2233070362342806
1.6 300 3.1333473646534
1.7 300 3.06566560265501
1.8 300 3.042131315781853
1.9 300 3.0256299573936443
2.0 300 3.067074868607032
2.1 300 3.0013387577693997
2.2 300 2.9592835856694757
2.3 300 2.9752403775317546
2.4 300 3.0206685905641306
2.5 300 3.084060690954472
2.6 300 3.18901222528989
2.8 300 3.556890590866943
3.0 300 4.124512644589292
3.5 300 6.96227973160075
4.0 300 10.31098998626236
