0.1 500 16.79008665035235
0.2 500 8.569593680163644
0.3 500 6.856201706210346
0.4 500 5.436695740931052
0.5 500 4.8916860534473825
0.6 500 4.596025118048856
0.7 500 4.4010535138481615
0.8 500 4.085935327095601
0.9 500 3.7577551304365615
1.0 500 3.47565249023284
1.1 500 3.243493439894076
1.2 500 3.0871320849074877
1.3 500 2.9129154794141416
1.4 500 2.772401378425004
1.5 500 2.753768582931662
1.6 500 2.7773163282533693
1.7 500 2.820446815955291
1.8 500 2.8157552534956083
1.9 500 2.8493117511335413
2.0 500 2.94982819380131
2.1 500 3.0039229380095844
2.2 500 3.029298719566005
2.3 500 3.0904868030751524
2.4 500 3.1383385867998443
2.5 500 3.1856609500779385
2.6 500 3.2462770668780676
2.8 500 2.9434060388662244
3.0 500 2.9718162961837513
3.5 500 4.057004760517617
4.0 500 6.25772953893663
