0.1 400 12.014915587336118
0.2 400 7.254701612215519
0.3 400 5.862668111027633
0.4 400 5.421381873338327
0.5 400 5.318182186419204
0.6 400 5.131510655652163
0.7 400 4.900504214312178
0.8 400 4.657621569101522
0.9 400 4.445268891507769
1.0 400 4.1815627275466465
1.1 400 3.843183514219491
1.2 400 3.5511742556429913
1.3 400 3.400474899168149
1.4 400 3.336353201100314
1.5 400 3.294292474089298
1.6 400 3.2309240576674263
1.7 400 3.181804545684478
1.8 400 3.152338217175769
1.9 400 3.142624012977692
2.0 400 3.187540441336393
2.1 400 3.179421225516236
2.2 400 3.2250714425361613
2.3 400 3.1809388300995125
2.4 400 3.0561639143738564
2.5 400 2.9786180794580566
2.6 400 2.953090730942849
2.8 400 3.0083994930857494
3.0 400 3.2352020784854485
3.5 400 4.996931349068039
4.0 400 8.306998252064748
