0.1 700 8.41598825247753
0.2 700 6.410523538024125
0.3 700 5.852521020945854
0.4 700 5.957629586628393
0.5 700 5.813398203573914
0.6 700 5.7146016827519475
0.7 700 5.309953000138624
0.8 700 5.046617742141339
0.9 700 4.7104874016563905
1.0 700 4.4099081602263155
1.1 700 4.252877323908077
1.2 700 3.9981549101686036
1.3 700 3.665074357969142
1.4 700 3.387023991434523
1.5 700 3.2269958144958353
1.6 700 3.1696875682044787
1.7 700 3.1723860551670393
1.8 700 3.188667639156316
1.9 700 3.2014590842990236
2.0 700 3.2000444687917864
2.1 700 3.2146570253078695
2.2 700 3.219447276079538
2.3 700 3.2102455411462123
2.4 700 3.1913244912071055
2.5 700 3.2237649060872378
2.6 700 3.1484914943095084
2.8 700 3.1210006006541224
3.0 700 3.089049674476164
3.5 700 3.5726140833743307
4.0 700 5.00284287854451
