0.1 500 9.89805431709403
0.2 500 7.522313416077496
0.3 500 6.747662179128727
0.4 500 6.398820127688915
0.5 500 6.177896157591793
0.6 500 5.91660592921601
0.7 500 5.44782100376049
0.8 500 4.9588654232381675
0.9 500 4.647717799953918
1.0 500 4.468159149843063
1.1 500 4.1564346977271285
1.2 500 3.800655884457305
1.3 500 3.5410167773134202
1.4 500 3.3996986412679777
1.5 500 3.313685380272033
1.6 500 3.2545509319983275
1.7 500 3.1870493722188176
1.8 500 3.174458483689965
1.9 500 3.133433434258775
2.0 500 3.1396039823503803
2.1 500 3.142692628000144
2.2 500 3.12804041113804
2.3 500 3.0984175445561886
2.4 500 3.066482457596901
2.5 500 3.042572826580309
2.6 500 2.993517297791354
2.8 500 2.9987745280433993
3.0 500 3.035175114199149
3.5 500 4.016863289493806
4.0 500 6.582321977824226
