0.1 300 49.561481647742674
0.2 300 45.685645530477316
0.3 300 46.78168948058375
0.4 300 36.44554059897859
0.5 300 20.243985934300525
0.6 300 15.565230514499115
0.7 300 13.46789357934194
0.8 300 12.552735645221132
0.9 300 13.433024818217847
1.0 300 14.760262481032921
1.1 300 14.539711908592714
1.2 300 14.475195096397288
1.3 300 14.052598006658963
1.4 300 14.20880652605448
1.5 300 14.475275401395889
1.6 300 14.252221991569693
1.7 300 13.783947787840257
1.8 300 14.54459174690016
1.9 300 16.189955326347082
2.0 300 17.276106148568488
2.1 300 17.516450465900665
2.2 300 16.2138543276872
2.3 300 16.253806801545178
2.4 300 16.524818255573837
2.5 300 17.778903793537697
2.6 300 19.521472779488644
2.8 300 18.65415645512291
3.0 300 23.05556381784969
3.5 300 28.543393174911607
4.0 300 42.09431202568773
