0.1 700 10.938978151612922
0.2 700 6.54335185342783
0.3 700 4.849560161439059
0.4 700 4.706322202877172
0.5 700 4.777096296102724
0.6 700 4.693640132646273
0.7 700 4.520169366065067
0.8 700 4.318112173492024
0.9 700 4.119406650206548
1.0 700 3.8527847132691893
1.1 700 3.6899867829610358
1.2 700 3.4653770952424177
1.3 700 3.271502487070929
1.4 700 3.1138051079352516
1.5 700 3.047081453545758
1.6 700 3.0471516136122996
1.7 700 3.068588368468465
1.8 700 3.1020657225889217
1.9 700 3.1374578142561456
2.0 700 3.1677362808288
2.1 700 3.1880276225702766
2.2 700 3.191001889012001
2.3 700 3.1763543174128905
2.4 700 3.1925999810133683
2.5 700 3.2202847211357954
2.6 700 3.1105097544781297
2.8 700 3.0508330024418067
3.0 700 3.0677006951550427
3.5 700 3.5949735109979346
4.0 700 5.02700010857432
