0.1 400 48.79378146272217
0.2 400 48.168104809855954
0.3 400 37.76731374457763
0.4 400 25.80669545485835
0.5 400 17.93659624432679
0.6 400 14.770110680177023
0.7 400 14.683100258440831
0.8 400 15.5617795445972
0.9 400 15.299066294208737
1.0 400 14.728372243550318
1.1 400 14.400768024521383
1.2 400 14.041209412931677
1.3 400 13.52346847901347
1.4 400 13.47751079274861
1.5 400 13.531684757262587
1.6 400 13.7528187120336
1.7 400 14.013499334305084
1.8 400 14.08239565131666
1.9 400 14.515123290398876
2.0 400 16.23740710576813
2.1 400 18.038743073720145
2.2 400 17.752182927625608
2.3 400 14.872988045639628
2.4 400 15.435455207486719
2.5 400 16.38620834538343
2.6 400 17.687554847394857
2.8 400 20.865951225805787
3.0 400 25.52571473197407
3.5 400 38.59735100829015
4.0 400 44.284194995187484
