0.1 700 14.982392589577632
0.2 700 8.067762389754202
0.3 700 6.33712571262092
0.4 700 5.0610800760437975
0.5 700 4.704243585594622
0.6 700 4.686343463585013
0.7 700 4.762513818509616
0.8 700 4.675760368118732
0.9 700 4.620098724330778
1.0 700 4.478944888830718
1.1 700 4.3419078231058785
1.2 700 4.21490542550772
1.3 700 4.054096873490484
1.4 700 3.8625759883308644
1.5 700 3.7172739330484115
1.6 700 3.606519422125805
1.7 700 3.446009239449497
1.8 700 3.2932149375993816
1.9 700 3.1826046085605175
2.0 700 3.0801245306910787
2.1 700 3.0267021302514094
2.2 700 3.020353614958842
2.3 700 3.027761621487247
2.4 700 3.047922147001549
2.5 700 3.0635836927209636
2.6 700 3.0871409239839385
2.8 700 3.144970226377346
3.0 700 3.1784055401399085
3.5 700 3.1957838403750145
4.0 700 3.0469002400152823
