0.1 400 51.380893561102674
0.2 400 49.20710235032104
0.3 400 42.00384492001619
0.4 400 49.325681817599964
0.5 400 35.341504813677076
0.6 400 25.749621695463297
0.7 400 25.578861971519498
0.8 400 20.88656467773996
0.9 400 19.54020568471474
1.0 400 19.787176386135474
1.1 400 20.40517126886258
1.2 400 20.535649560008903
1.3 400 20.344076835056324
1.4 400 19.48906799302874
1.5 400 18.360441177404024
1.6 400 17.378647907395653
1.7 400 16.52786476155574
1.8 400 16.08027838590235
1.9 400 16.017700163840296
2.0 400 16.40978140225028
2.1 400 17.087094253521116
2.2 400 17.327037365350286
2.3 400 18.176785620434316
2.4 400 18.6325237031434
2.5 400 19.222657793987636
2.6 400 19.893258452265307
2.8 400 21.327323787662518
3.0 400 23.1346773779672
3.5 400 31.827681158832505
4.0 400 37.525070941142914
