0.1 300 11.597918721413587
0.2 300 7.936582798325639
0.3 300 6.487572769340768
0.4 300 6.176391281094668
0.5 300 5.6307299264237844
0.6 300 5.4996500803363935
0.7 300 5.158727831037429
0.8 300 4.827274969038018
0.9 300 4.505446658331529
1.0 300 4.116692424606438
1.1 300 3.740001025649195
1.2 300 3.4966622676745547
1.3 300 3.352764149092844
1.4 300 3.270336531048746
1.5 300 3.2029895816082763
1.6 300 3.133015772914943
1.7 300 3.0726271720825737
1.8 300 3.055583324455359
1.9 300 3.0408106527773935
2.0 300 3.083240266224646
2.1 300 3.018810269133983
2.2 300 2.9686330097312243
2.3 300 2.976669226826727
2.4 300 3.018959160557726
2.5 300 3.081506794534409
2.6 300 3.1862478044549682
2.8 300 3.553506943174677
3.0 300 4.119084529272186
3.5 300 6.958359546703165
4.0 300 10.307151400581732
