0.1 700 47.02625430398341
0.2 700 37.732979005432156
0.3 700 17.597792650612313
0.4 700 12.824696881076171
0.5 700 14.921300610855445
0.6 700 12.74402251796127
0.7 700 12.487947957621968
0.8 700 12.55722681147149
0.9 700 12.77670862829151
1.0 700 12.961911832452616
1.1 700 13.534391576111243
1.2 700 13.906461348423134
1.3 700 13.719484271694915
1.4 700 13.677828385118453
1.5 700 13.759995645149884
1.6 700 13.75375278629717
1.7 700 13.860928737423462
1.8 700 14.292692494161951
1.9 700 14.694274543649493
2.0 700 15.362473950480437
2.1 700 18.05646838036956
2.2 700 20.592787797385498
2.3 700 26.15135090239295
2.4 700 14.346175669094368
2.5 700 15.266098420125493
2.6 700 16.587357759448953
2.8 700 18.892891176987696
3.0 700 21.1757122663922
3.5 700 30.197980169129316
4.0 700 53.450725759564115
