0.1 700 54.64903515287108
0.2 700 51.18828049215811
0.3 700 46.745796213572056
0.4 700 48.09945022998903
0.5 700 29.680252174820783
0.6 700 19.975259247842597
0.7 700 16.249083563715427
0.8 700 19.80052873353586
0.9 700 17.2966020142943
1.0 700 15.793196644344013
1.1 700 15.358097730967627
1.2 700 14.504234908002953
1.3 700 14.354122969979798
1.4 700 14.37422041965097
1.5 700 14.272359152405885
1.6 700 14.292305351470699
1.7 700 14.337040471952141
1.8 700 14.547078737256832
1.9 700 14.613311685966258
2.0 700 14.60528370314804
2.1 700 14.63214133214937
2.2 700 14.51997125871681
2.3 700 14.66497568862051
2.4 700 14.819575111596862
2.5 700 14.985565556694487
2.6 700 15.027462325496325
2.8 700 15.47232783559385
3.0 700 15.971630723093584
3.5 700 16.436942757556732
4.0 700 18.14889449268142
