0.1 400 16.840275692931442
0.2 400 9.241167031856012
0.3 400 7.441067099170204
0.4 400 6.03517352887018
0.5 400 5.507577308837217
0.6 400 5.123092960552237
0.7 400 5.005283619987384
0.8 400 4.899642594985617
0.9 400 4.709483005635692
1.0 400 4.493674323328179
1.1 400 4.3654321021220355
1.2 400 4.220455864644308
1.3 400 4.0520676528036335
1.4 400 3.9009605190907672
1.5 400 3.6677381100882553
1.6 400 3.4553142272020865
1.7 400 3.2718763881147725
1.8 400 3.166669577650266
1.9 400 3.121482279718105
2.0 400 3.11710436889705
2.1 400 3.1277164641008004
2.2 400 3.126123902465553
2.3 400 3.1143244880645717
2.4 400 3.1158064425894727
2.5 400 3.120696568219831
2.6 400 3.1313932780612252
2.8 400 3.122423457288091
3.0 400 3.130485455732213
3.5 400 2.9999567764758983
4.0 400 2.9859390629714855
