0.1 500 55.88106668127768
0.2 500 50.84198786630151
0.3 500 45.628437978506625
0.4 500 40.85541517819245
0.5 500 30.843127398579423
0.6 500 22.03689409223155
0.7 500 17.1013567360354
0.8 500 16.10910743716432
0.9 500 15.799299130727208
1.0 500 14.709402578511295
1.1 500 14.731052547950144
1.2 500 14.845628591320928
1.3 500 14.611943957889768
1.4 500 13.771891819331579
1.5 500 13.579940473814837
1.6 500 13.764271596189376
1.7 500 13.77547745396698
1.8 500 13.671119761359172
1.9 500 13.440710331358082
2.0 500 13.408909253860912
2.1 500 13.540984902380538
2.2 500 13.67096937592418
2.3 500 13.9299136579212
2.4 500 14.207003260984257
2.5 500 14.497776739131883
2.6 500 14.611939364438731
2.8 500 15.012153292713256
3.0 500 15.090323748550716
3.5 500 16.101471547163825
4.0 500 19.271114786222498
