0.1 600 52.17255003714194
0.2 600 49.68619455835645
0.3 600 66.63823009762945
0.4 600 34.76331910565474
0.5 600 28.38764332450463
0.6 600 24.849072700711115
0.7 600 17.785999977925453
0.8 600 17.175733652976707
0.9 600 17.69406582291763
1.0 600 17.599024215350198
1.1 600 17.76768216122832
1.2 600 17.856902774667375
1.3 600 17.074389092593435
1.4 600 16.064242159988776
1.5 600 15.832705115433823
1.6 600 15.881711851066946
1.7 600 16.04158400274143
1.8 600 16.237417264302028
1.9 600 16.23747479285543
2.0 600 16.598110053958706
2.1 600 17.67417289931773
2.2 600 17.83457481680534
2.3 600 18.56733442678523
2.4 600 19.339881232657113
2.5 600 19.54624458383709
2.6 600 19.762645641920702
2.8 600 20.3726991415195
3.0 600 21.730616557061918
3.5 600 29.089078404782235
4.0 600 34.33771829031317
