0.1 700 8.362847545671741
0.2 700 5.720864148639724
0.3 700 4.931513090140732
0.4 700 5.053178468056675
0.5 700 5.117986412451239
0.6 700 5.076836537101765
0.7 700 4.8936719187638404
0.8 700 4.703793291891321
0.9 700 4.413082907635862
1.0 700 4.205995756316902
1.1 700 4.006054208960662
1.2 700 3.780655950163603
1.3 700 3.5266658928755867
1.4 700 3.300693999396307
1.5 700 3.1739648225474015
1.6 700 3.1435461314611306
1.7 700 3.157741916403999
1.8 700 3.185623322632471
1.9 700 3.203854470072984
2.0 700 3.2014258499960517
2.1 700 3.2116259065285435
2.2 700 3.2121205026653246
2.3 700 3.199927227432328
2.4 700 3.1795927974418574
2.5 700 3.1574749950111562
2.6 700 3.1380303764595507
2.8 700 3.067894461768378
3.0 700 3.084226207508363
3.5 700 3.574367236313153
4.0 700 5.002101297562165
