0.1 300 26.624128512619837
0.1 400 22.88495949045688
0.1 500 22.05033061162398
0.1 600 20.508468152749277
0.1 700 23.50526256977921
0.2 300 15.969232812352574
0.2 400 12.625127256690398
0.2 500 9.923332428135327
0.2 600 9.919580401682788
0.2 700 9.513003968193777
0.3 300 10.396766925601256
0.3 400 8.812810181535268
0.3 500 7.942174313765491
0.3 600 7.702879945576445
0.3 700 7.201833303126367
0.4 300 8.975286602656462
0.4 400 7.621362289889543
0.4 500 7.040493376847316
0.4 600 7.505790742423985
0.4 700 8.324487810920145
0.5 300 7.67271262019321
0.5 400 6.95362134023886
0.5 500 7.667400125687942
0.5 600 8.444925302807576
0.5 700 9.589643195649401
0.6 300 7.126633433449896
0.6 400 7.510018129507675
0.6 500 8.392488083733712
0.6 600 8.925997213621036
0.6 700 10.073013303278739
0.7 300 7.35044843220357
0.7 400 7.985195744245897
0.7 500 8.659588711326702
0.7 600 9.684954575783404
0.7 700 10.608371284334263
0.8 300 7.340989240387518
0.8 400 8.829680452264325
0.8 500 9.225603191609279
0.8 600 9.816807149968326
0.8 700 11.155066980633027
0.9 300 7.940541436382023
0.9 400 8.447487320128646
0.9 500 9.579631823872047
0.9 600 10.319796770585999
0.9 700 11.230615375964453
1.0 300 8.789007168994942
1.0 400 8.530378819473352
1.0 500 9.87419654874931
1.0 600 10.880381094147028
1.0 700 11.7392845684711
1.1 300 9.485067763388457
1.1 400 9.46583672445909
1.1 500 10.526237089765264
1.1 600 11.80696197122602
1.1 700 12.355290344242109
1.2 300 9.141098233628819
1.2 400 9.87443452566992
1.2 500 11.703941411449039
1.2 600 12.235802953075371
1.2 700 12.592832436471637
1.3 300 9.374861651499803
1.3 400 10.424629843034882
1.3 500 12.314186075689738
1.3 600 12.600251877092667
1.3 700 12.634215056327873
1.4 300 10.484544524894233
1.4 400 11.028562794713562
1.4 500 12.591078427904812
1.4 600 12.787430273587646
1.4 700 12.796576129424913
1.5 300 10.676083402275491
1.5 400 11.7496376415129
1.5 500 12.751685307342486
1.5 600 12.918858104542302
1.5 700 13.09446781666681
1.6 300 10.673009974199227
1.6 400 11.802922371108457
1.6 500 12.805197112776828
1.6 600 12.953528891006615
1.6 700 13.274103135445436
1.7 300 10.813249261011583
1.7 400 11.508667578504252
1.7 500 12.761672869033323
1.7 600 12.925269316100076
1.7 700 13.420958332949109
1.8 300 11.117744034874837
1.8 400 11.494829975567438
1.8 500 12.768693331411493
1.8 600 12.964269868640704
1.8 700 13.497135928384518
1.9 300 11.143750844990494
1.9 400 11.892752563632238
1.9 500 12.969816381704772
1.9 600 13.049931009743839
1.9 700 13.794927959390034
2.0 300 11.367519359920093
2.0 400 12.429286982081743
2.0 500 13.746466224344593
2.0 600 13.669911412122321
2.0 700 14.146450475322887
2.1 300 11.590641123454338
2.1 400 13.073174745287494
2.1 500 14.855063006461242
2.1 600 14.968105394630179
2.1 700 15.771533799845075
2.2 300 11.914675943661786
2.2 400 13.557540216167295
2.2 500 15.987331807951097
2.2 600 17.511943985695442
2.2 700 18.314862961380268
2.3 300 12.947933457919413
2.3 400 14.669048130724041
2.3 500 17.252228081975275
2.3 600 20.45657174094872
2.3 700 21.539664271413027
2.4 300 14.517228448168028
2.4 400 13.890357246020791
2.4 500 18.03927693670637
2.4 600 24.270922199876686
2.4 700 25.030633785775056
2.5 300 17.540418111624955
2.5 400 14.770288965566447
2.5 500 20.52158126744634
2.5 600 27.320401721944737
2.5 700 15.377905958405936
2.6 300 20.618978384494874
2.6 400 15.250475408401847
2.6 500 16.3848547328963
2.6 600 32.581996040299465
2.6 700 16.244834806780826
2.8 300 24.453511877058123
2.8 400 17.19922043026116
2.8 500 19.231325392742463
2.8 600 18.008356740298517
2.8 700 17.900487174406997
3.0 300 25.46830959058108
3.0 400 18.711587633974542
3.0 500 21.50271469859553
3.0 600 21.242465784334946
3.0 700 20.893208645526713
3.5 300 25.139770651374995
3.5 400 24.618221710963695
3.5 500 28.003458958558053
3.5 600 31.30465816150036
3.5 700 32.508407240399194
4.0 300 47.65859037165403
4.0 400 35.564889582798884
4.0 500 42.654882540453
4.0 600 48.177966912106235
4.0 700 47.889104294899994
