0.1 400 12.777321075605913
0.2 400 7.505885331963479
0.3 400 5.663353468962909
0.4 400 4.922806929820363
0.5 400 4.713295864756898
0.6 400 4.522899008663188
0.7 400 4.21980790337541
0.8 400 4.001427144149197
0.9 400 3.796564810270395
1.0 400 3.572880905828782
1.1 400 3.237627239044144
1.2 400 2.9686659764310215
1.3 400 2.8559186181771534
1.4 400 2.870383917867356
1.5 400 2.9282635357409923
1.6 400 2.9519706594598767
1.7 400 2.9875504411410563
1.8 400 3.029482060983414
1.9 400 3.0633622458089107
2.0 400 3.072118133025733
2.1 400 3.1013211945269146
2.2 400 3.114329985654557
2.3 400 3.063136815884413
2.4 400 3.072774979420947
2.5 400 2.996313903432244
2.6 400 2.959930561486925
2.8 400 2.9974027199640125
3.0 400 3.2651958036071167
3.5 400 5.133441037716769
4.0 400 8.233391911569083
