0.1 600 39.478309871712845
0.2 600 26.78106269578409
0.3 600 14.162573048534817
0.4 600 10.012647801388363
0.5 600 10.477874063606725
0.6 600 10.092893664591795
0.7 600 10.916129760098974
0.8 600 11.123155356070903
0.9 600 10.95399429783394
1.0 600 11.711252048105509
1.1 600 12.579729615467148
1.2 600 12.86959762666229
1.3 600 12.95898247985766
1.4 600 13.116880423206661
1.5 600 13.148039395457674
1.6 600 13.104302707408987
1.7 600 13.06667183499943
1.8 600 13.01167893368138
1.9 600 13.454794268562301
2.0 600 14.194340014689057
2.1 600 16.067526754969702
2.2 600 18.906744762738686
2.3 600 22.446216609753733
2.4 600 26.39859748391632
2.5 600 30.611988410342224
2.6 600 16.265147334826903
2.8 600 18.105087373659178
3.0 600 21.366880694067692
3.5 600 31.57594895040901
4.0 600 50.18368309554177
