0.1 300 11.530891313032999
0.1 400 10.110396051714465
0.1 500 9.369010925355754
0.1 600 8.827851787823906
0.1 700 8.41598825247753
0.2 300 8.129973411783968
0.2 400 7.130252483027711
0.2 500 6.850195948489532
0.2 600 6.662467969926873
0.2 700 6.410523538024125
0.3 300 7.504453133705136
0.3 400 6.733114271796915
0.3 500 6.324176347520455
0.3 600 6.041035461079046
0.3 700 5.852521020945854
0.4 300 6.969919618149078
0.4 400 6.3609292411015375
0.4 500 6.118301632979912
0.4 600 6.16173449622089
0.4 700 5.957629586628393
0.5 300 6.421284088331866
0.5 400 6.260178756050181
0.5 500 6.048668133429032
0.5 600 6.090053943518806
0.5 700 5.813398203573914
0.6 300 6.279212922763516
0.6 400 5.880453433670306
0.6 500 5.847526326813718
0.6 600 5.841478762719831
0.6 700 5.7146016827519475
0.7 300 5.81563299118797
0.7 400 5.58853135225765
0.7 500 5.411783597096695
0.7 600 5.400644666790001
0.7 700 5.309953000138624
0.8 300 5.345028674600639
0.8 400 5.2348285507128125
0.8 500 4.938445004527619
0.8 600 5.083479713972434
0.8 700 5.046617742141339
0.9 300 4.910585538321271
0.9 400 4.963664497450948
0.9 500 4.634447967244048
0.9 600 4.689564382774734
0.9 700 4.7104874016563905
1.0 300 4.467792346229014
1.0 400 4.623444723626819
1.0 500 4.4577900023037325
1.0 600 4.491417741640664
1.0 700 4.4099081602263155
1.1 300 4.029920194284126
1.1 400 4.200647776922946
1.1 500 4.148626065965767
1.1 600 4.264379204008546
1.1 700 4.252877323908077
1.2 300 3.6941713529264124
1.2 400 3.8547601886874565
1.2 500 3.7945736030733275
1.2 600 3.9213067450146477
1.2 700 3.9981549101686036
1.3 300 3.4753351108778507
1.3 400 3.623016279724773
1.3 500 3.5365225325148533
1.3 600 3.5946213967837117
1.3 700 3.665074357969142
1.4 300 3.3351437584540937
1.4 400 3.4801509591666044
1.4 500 3.397129492294741
1.4 600 3.379776472226977
1.4 700 3.387023991434523
1.5 300 3.2229655587327626
1.5 400 3.3650017868881017
1.5 500 3.3124979005279687
1.5 600 3.2815188658617678
1.5 700 3.2269958144958353
1.6 300 3.133214697474262
1.6 400 3.2647127269895266
1.6 500 3.254139575492286
1.6 600 3.2353696451124536
1.6 700 3.1696875682044787
1.7 300 3.065609977219012
1.7 400 3.1997401934485667
1.7 500 3.1868998833918845
1.7 600 3.2393625238207395
1.7 700 3.1723860551670393
1.8 300 3.042145218612262
1.8 400 3.1685281739785647
1.8 500 3.1744280659271458
1.8 600 3.2157439120632128
1.8 700 3.188667639156316
1.9 300 3.0256528201572483
1.9 400 3.1668313356918025
1.9 500 3.1334264323891707
1.9 600 3.2216661391676933
1.9 700 3.2014590842990236
2.0 300 3.067100154664614
2.0 400 3.1733316290402027
2.0 500 3.1396124750557015
2.0 600 3.26845590257562
2.0 700 3.2000444687917864
2.1 300 3.0013558481445353
2.1 400 3.232091689903158
2.1 500 3.142704707303989
2.1 600 3.2434174348899383
2.1 700 3.2146570253078695
2.2 300 2.959285698316836
2.2 400 3.216358776510621
2.2 500 3.128049638169882
2.2 600 3.2378409268610366
2.2 700 3.219447276079538
2.3 300 2.975235506639129
2.3 400 3.1763640298365923
2.3 500 3.0984222690317615
2.3 600 3.2172029086264984
2.3 700 3.2102455411462123
2.4 300 3.020664502995921
2.4 400 3.0557855593231906
2.4 500 3.066483144355209
2.4 600 3.251328254709814
2.4 700 3.1913244912071055
2.5 300 3.0840590592139074
2.5 400 2.981715747416256
2.5 500 3.0425712040870008
2.5 600 3.2246602895385124
2.5 700 3.2237649060872378
2.6 300 3.189011656994201
2.6 400 2.957920638127444
2.6 500 2.9935151945916947
2.6 600 3.2001975847017365
2.6 700 3.1484914943095084
2.8 300 3.5568904243607142
2.8 400 3.0142018792188985
2.8 500 2.998773501455192
2.8 600 3.1199654028744104
2.8 700 3.1210006006541224
3.0 300 4.124512317809764
3.0 400 3.2384658936723922
3.0 500 3.0351744701251246
3.0 600 3.1289456742072197
3.0 700 3.089049674476164
3.5 300 6.962279354662126
3.5 400 4.995651254703736
3.5 500 4.0168639923021425
3.5 600 3.7305683790242323
3.5 700 3.5726140833743307
4.0 300 10.310989637787468
4.0 400 8.308941192826445
4.0 500 6.582324322566389
4.0 600 5.556451782312994
4.0 700 5.00284287854451
