0.1 400 305.05743325245146
0.2 400 110.91884185279251
0.3 400 80.7882054947526
0.4 400 77.2009236169101
0.5 400 78.00048511506675
0.6 400 88.88073582285519
0.7 400 93.4504808738208
0.8 400 98.06988160514105
0.9 400 100.79204373358496
1.0 400 104.51224961193381
1.1 400 108.72587562781979
1.2 400 113.73859185308365
1.3 400 118.37434561218728
1.4 400 123.02851311870762
1.5 400 126.3886710019927
1.6 400 128.4435751390937
1.7 400 136.81690107448014
1.8 400 156.66436874466635
1.9 400 167.16561793079285
2.0 400 167.5393714074899
2.1 400 166.06423118343614
2.2 400 167.2345500446683
2.3 400 180.35228440692612
2.4 400 220.82581272626615
2.5 400 284.675877928751
2.6 400 348.75504268296396
2.8 400 444.71891045747304
3.0 400 507.705260043246
3.5 400 628.4634024332715
4.0 400 741.8338808816608
