0.1 400 140.0778036033712
0.2 400 82.51918428227037
0.3 400 78.00046460092088
0.4 400 78.06448356663705
0.5 400 83.94436866929166
0.6 400 89.29634993861923
0.7 400 93.50866594725315
0.8 400 97.73141439372611
0.9 400 100.11162849533694
1.0 400 104.67150361361387
1.1 400 108.88342565664692
1.2 400 114.09339927623921
1.3 400 118.62030814424172
1.4 400 123.7169360365936
1.5 400 126.83814255673508
1.6 400 130.2547808775873
1.7 400 141.33582305838516
1.8 400 161.80856929859576
1.9 400 170.39965135770677
2.0 400 169.5423872417914
2.1 400 167.2158607623134
2.2 400 168.03575670440367
2.3 400 182.15314319815292
2.4 400 224.58482206779325
2.5 400 288.95363035622097
2.6 400 351.32383197166786
2.8 400 441.8126763928404
3.0 400 502.66143304015117
3.5 400 625.1292042364516
4.0 400 740.3788552286738
