0.1 400 51.6934757501122
0.2 400 51.4315424162005
0.3 400 41.953649020216226
0.4 400 43.07237934470008
0.5 400 30.9217127192116
0.6 400 22.53932310816879
0.7 400 19.755829419371967
0.8 400 18.084765931594873
0.9 400 19.36542193364914
1.0 400 18.948815989355616
1.1 400 18.693016863203958
1.2 400 18.134116000347255
1.3 400 17.14235116931422
1.4 400 16.250126684572603
1.5 400 15.521301952854662
1.6 400 14.989464320826393
1.7 400 14.851181688281795
1.8 400 14.869217138456397
1.9 400 15.38588783325593
2.0 400 16.190872007775038
2.1 400 16.595180246415907
2.2 400 17.437872442890363
2.3 400 18.235210136081417
2.4 400 18.614787040929883
2.5 400 19.01169955067402
2.6 400 19.404941277015332
2.8 400 20.444988044205388
3.0 400 22.503402616080663
3.5 400 32.63094896606765
4.0 400 38.4761091059107
