0.1 500 16.084580415175502
0.2 500 8.580541704050182
0.3 500 7.1466448417416615
0.4 500 5.622164863172358
0.5 500 5.072521827288524
0.6 500 4.9302416379227525
0.7 500 4.8064395382487985
0.8 500 4.8151308537293875
0.9 500 4.73351648509216
1.0 500 4.511665583390376
1.1 500 4.290592405150828
1.2 500 4.067429417399144
1.3 500 3.901182662736425
1.4 500 3.7922057885819407
1.5 500 3.6698476031275153
1.6 500 3.5013185601843615
1.7 500 3.3215460116186386
1.8 500 3.188764270764809
1.9 500 3.110391198663628
2.0 500 3.0910332936023233
2.1 500 3.100279219353476
2.2 500 3.1101192194426672
2.3 500 3.10363235735292
2.4 500 3.1072810160042383
2.5 500 3.1168141569740424
2.6 500 3.1302494047271336
2.8 500 3.1363993082446613
3.0 500 3.1208223329363634
3.5 500 3.0713082681997923
4.0 500 2.962641243676187
