0.1 300 35.28870822636391
0.1 400 35.655874902054784
0.1 500 38.29727800394811
0.1 600 39.478309871712845
0.1 700 42.361546351927295
0.2 300 33.89441657646843
0.2 400 28.339627307243028
0.2 500 32.97202899904549
0.2 600 26.78106269578409
0.2 700 27.62091175790395
0.3 300 20.39582320260678
0.3 400 14.419761064915718
0.3 500 15.908886076102096
0.3 600 14.162573048534817
0.3 700 12.817003911826458
0.4 300 11.823701149854305
0.4 400 9.733388225213803
0.4 500 8.998372249910824
0.4 600 10.012647801388363
0.4 700 11.583302827696437
0.5 300 8.904172327889025
0.5 400 9.156079797993247
0.5 500 10.31186496552586
0.5 600 10.477874063606725
0.5 700 11.66286387607271
0.6 300 8.193958008546781
0.6 400 9.38114555139955
0.6 500 9.6101121343856
0.6 600 10.092893664591795
0.6 700 11.613894346904148
0.7 300 8.37333633520093
0.7 400 9.020313217428225
0.7 500 9.38198019356744
0.7 600 10.916129760098974
0.7 700 11.75942152933871
0.8 300 7.909281832817945
0.8 400 9.835659304979476
0.8 500 9.680573036610165
0.8 600 11.123155356070903
0.8 700 12.036346665430122
0.9 300 8.772460159350823
0.9 400 9.767070613938381
0.9 500 10.142598228542251
0.9 600 10.95399429783394
0.9 700 12.172220352192225
1.0 300 10.282901010682576
1.0 400 9.845171688848659
1.0 500 10.770552548915497
1.0 600 11.711252048105509
1.0 700 12.403167383143607
1.1 300 11.036412838580087
1.1 400 10.373230824619485
1.1 500 11.700096469298082
1.1 600 12.579729615467148
1.1 700 12.990733181275377
1.2 300 10.58831958295345
1.2 400 10.778069906900349
1.2 500 12.191982130191468
1.2 600 12.86959762666229
1.2 700 13.161563369254146
1.3 300 10.44946451821054
1.3 400 11.225159548592764
1.3 500 12.474373988377549
1.3 600 12.95898247985766
1.3 700 13.04911368388114
1.4 300 11.050716479859558
1.4 400 11.790148259084248
1.4 500 12.727118974905647
1.4 600 13.116880423206661
1.4 700 13.093574296988377
1.5 300 11.065998676672423
1.5 400 12.231688724871065
1.5 500 12.904750797598915
1.5 600 13.148039395457674
1.5 700 13.135015285656486
1.6 300 11.125821056129437
1.6 400 12.046788835608847
1.6 500 12.851993640281773
1.6 600 13.104302707408987
1.6 700 13.335303796071438
1.7 300 11.397646626349891
1.7 400 11.771435220445055
1.7 500 12.84486482756907
1.7 600 13.06667183499943
1.7 700 13.752976309691684
1.8 300 11.785636990530394
1.8 400 11.785962997126909
1.8 500 12.98977295591288
1.8 600 13.01167893368138
1.8 700 14.033323487656103
1.9 300 11.724641630785412
1.9 400 12.27587028572302
1.9 500 13.451667980620867
1.9 600 13.454794268562301
1.9 700 14.584568033799993
2.0 300 11.956818458204518
2.0 400 12.836114148893529
2.0 500 14.708232207707889
2.0 600 14.194340014689057
2.0 700 15.244431827452818
2.1 300 12.191312837064801
2.1 400 13.397513628875217
2.1 500 16.41599300925134
2.1 600 16.067526754969702
2.1 700 16.60288867042325
2.2 300 12.494997646200138
2.2 400 14.179806759382739
2.2 500 18.0521966782566
2.2 600 18.906744762738686
2.2 700 19.882863345598523
2.3 300 13.181322689036044
2.3 400 13.501070159158276
2.3 500 18.25818131600998
2.3 600 22.446216609753733
2.3 700 22.704539621884273
2.4 300 14.91115533190997
2.4 400 14.391855311725985
2.4 500 19.69390871950859
2.4 600 26.39859748391632
2.4 700 27.110493345320684
2.5 300 17.287072376820966
2.5 400 14.85887606562358
2.5 500 22.22451264017387
2.5 600 30.611988410342224
2.5 700 15.402949620757676
2.6 300 19.38088195608677
2.6 400 15.350161364330964
2.6 500 16.4625531518711
2.6 600 16.265147334826903
2.6 700 16.278811752117036
2.8 300 24.246528934238004
2.8 400 17.299234504798132
2.8 500 19.293757703077922
2.8 600 18.105087373659178
2.8 700 18.712844319160816
3.0 300 25.337116030986856
3.0 400 18.825407396828272
3.0 500 19.989826102711582
3.0 600 21.366880694067692
3.0 700 20.933662075085255
3.5 300 25.122707844170876
3.5 400 24.859348555124953
3.5 500 27.789240084645904
3.5 600 31.57594895040901
3.5 700 30.813175107049208
4.0 300 48.28722372723546
4.0 400 35.39805370501832
4.0 500 43.386354932253816
4.0 600 50.18368309554177
4.0 700 46.97086480167399
