0.1 300 11.597918721413587
0.1 400 10.109510636314438
0.1 500 9.306193629450048
0.1 600 8.824651916862594
0.1 700 8.362847545671741
0.2 300 7.936582798325639
0.2 400 6.934753013760972
0.2 500 6.444162095006303
0.2 600 6.075029320084
0.2 700 5.720864148639724
0.3 300 6.487572769340768
0.3 400 5.83095591690894
0.3 500 5.347923471856316
0.3 600 5.197859504305849
0.3 700 4.931513090140732
0.4 300 6.176391281094668
0.4 400 5.4706887451420005
0.4 500 5.23736249120788
0.4 600 5.2221644609209426
0.4 700 5.053178468056675
0.5 300 5.6307299264237844
0.5 400 5.417391377200405
0.5 500 5.265492937609349
0.5 600 5.321870744824613
0.5 700 5.117986412451239
0.6 300 5.4996500803363935
0.6 400 5.231920543080818
0.6 500 5.233067647715466
0.6 600 5.235739206015598
0.6 700 5.076836537101765
0.7 300 5.158727831037429
0.7 400 5.034771444745368
0.7 500 4.936883418655828
0.7 600 4.9539670873864186
0.7 700 4.8936719187638404
0.8 300 4.827274969038018
0.8 400 4.772880421982043
0.8 500 4.578415750998347
0.8 600 4.719675866293799
0.8 700 4.703793291891321
0.9 300 4.505446658331529
0.9 400 4.560881889415623
0.9 500 4.330255317601412
0.9 600 4.417126819704422
0.9 700 4.413082907635862
1.0 300 4.116692424606438
1.0 400 4.273171409862494
1.0 500 4.156917278641084
1.0 600 4.221695233303079
1.0 700 4.205995756316902
1.1 300 3.740001025649195
1.1 400 3.9065513372629384
1.1 500 3.893746693091389
1.1 600 3.9978970006057
1.1 700 4.006054208960662
1.2 300 3.4966622676745547
1.2 400 3.6088330772396717
1.2 500 3.6055789597889456
1.2 600 3.7181821662005254
1.2 700 3.780655950163603
1.3 300 3.352764149092844
1.3 400 3.4487029219860053
1.3 500 3.39544438726051
1.3 600 3.4535516391837437
1.3 700 3.5266658928755867
1.4 300 3.270336531048746
1.4 400 3.3832823943320203
1.4 500 3.2989958800881767
1.4 600 3.2789192834973466
1.4 700 3.300693999396307
1.5 300 3.2029895816082763
1.5 400 3.319046869825727
1.5 500 3.254479672452576
1.5 600 3.1958948254660084
1.5 700 3.1739648225474015
1.6 300 3.133015772914943
1.6 400 3.2437064388439816
1.6 500 3.227529589934438
1.6 600 3.1865019631615974
1.6 700 3.1435461314611306
1.7 300 3.0726271720825737
1.7 400 3.1869568265156616
1.7 500 3.179771273963328
1.7 600 3.207772808949825
1.7 700 3.157741916403999
1.8 300 3.055583324455359
1.8 400 3.153386907007331
1.8 500 3.1506345039432007
1.8 600 3.2192877463360206
1.8 700 3.185623322632471
1.9 300 3.0408106527773935
1.9 400 3.1413118340618866
1.9 500 3.14104837232168
1.9 600 3.225947668951095
1.9 700 3.203854470072984
2.0 300 3.083240266224646
2.0 400 3.185669422368706
2.0 500 3.1488479740096533
2.0 600 3.269814912410942
2.0 700 3.2014258499960517
2.1 300 3.018810269133983
2.1 400 3.177322088921006
2.1 500 3.1525218372479484
2.1 600 3.243671564818928
2.1 700 3.2116259065285435
2.2 300 2.9686330097312243
2.2 400 3.2241152242511495
2.2 500 3.0705680510040234
2.2 600 3.2367987063806116
2.2 700 3.2121205026653246
2.3 300 2.976669226826727
2.3 400 3.180590366883512
2.3 500 3.1036084365363905
2.3 600 3.214078114189598
2.3 700 3.199927227432328
2.4 300 3.018959160557726
2.4 400 3.055846131001983
2.4 500 3.067903803280911
2.4 600 3.2450508226011574
2.4 700 3.1795927974418574
2.5 300 3.081506794534409
2.5 400 2.9783308528989387
2.5 500 2.995173656850523
2.5 600 3.1609057820560054
2.5 700 3.1574749950111562
2.6 300 3.1862478044549682
2.6 400 2.952695793641441
2.6 500 2.9897074123134035
2.6 600 3.1400686725661777
2.6 700 3.1380303764595507
2.8 300 3.553506943174677
2.8 400 3.008300021587774
2.8 500 2.9797617728030925
2.8 600 3.1134899152319524
2.8 700 3.067894461768378
3.0 300 4.119084529272186
3.0 400 3.234902721648565
3.0 500 3.0323265892674365
3.0 600 3.1250787400904305
3.0 700 3.084226207508363
3.5 300 6.958359546703165
3.5 400 4.99638187152019
3.5 500 4.016852215045899
3.5 600 3.732152465401486
3.5 700 3.574367236313153
4.0 300 10.307151400581732
4.0 400 8.306924195824902
4.0 500 6.583225181213975
4.0 600 5.556943808106905
4.0 700 5.002101297562165
