0.1 300 57.4082441448747
0.1 400 57.438059736880696
0.1 500 55.88106668127768
0.1 600 54.49953915551065
0.1 700 54.64903515287108
0.2 300 48.56567007134056
0.2 400 50.21017948358958
0.2 500 50.84198786630151
0.2 600 50.30755735070433
0.2 700 51.18828049215811
0.3 300 46.16630502466266
0.3 400 48.074406095962146
0.3 500 45.628437978506625
0.3 600 47.75012524171983
0.3 700 46.745796213572056
0.4 300 42.38094740841326
0.4 400 44.35336439838596
0.4 500 40.85541517819245
0.4 600 45.92469821502117
0.4 700 48.09945022998903
0.5 300 37.76916616041215
0.5 400 34.96782345861537
0.5 500 30.843127398579423
0.5 600 29.581571305668476
0.5 700 29.680252174820783
0.6 300 36.27835154314897
0.6 400 24.397212446310185
0.6 500 22.03689409223155
0.6 600 21.651555228699966
0.6 700 19.975259247842597
0.7 300 22.581617742501937
0.7 400 19.07116131733476
0.7 500 17.1013567360354
0.7 600 15.8625974550738
0.7 700 16.249083563715427
0.8 300 17.593360192315764
0.8 400 15.53327463155622
0.8 500 16.10910743716432
0.8 600 15.931391043446139
0.8 700 19.80052873353586
0.9 300 15.71977275169779
0.9 400 14.814298590258781
0.9 500 15.799299130727208
0.9 600 14.974792602931876
0.9 700 17.2966020142943
1.0 300 14.142820840316604
1.0 400 14.229045774577395
1.0 500 14.709402578511295
1.0 600 14.931822764945624
1.0 700 15.793196644344013
1.1 300 13.20480901116486
1.1 400 16.256665246509918
1.1 500 14.731052547950144
1.1 600 14.793330495381356
1.1 700 15.358097730967627
1.2 300 13.045166085793548
1.2 400 15.601872892904522
1.2 500 14.845628591320928
1.2 600 14.547264478006246
1.2 700 14.504234908002953
1.3 300 13.603111844042413
1.3 400 15.599407116921292
1.3 500 14.611943957889768
1.3 600 14.357176286078598
1.3 700 14.354122969979798
1.4 300 14.445650460054138
1.4 400 15.136304995818689
1.4 500 13.771891819331579
1.4 600 14.200155115968643
1.4 700 14.37422041965097
1.5 300 14.692912812362348
1.5 400 14.775064852479554
1.5 500 13.579940473814837
1.5 600 14.24444078411253
1.5 700 14.272359152405885
1.6 300 14.711102434783088
1.6 400 14.522611826138235
1.6 500 13.764271596189376
1.6 600 14.473813966868768
1.6 700 14.292305351470699
1.7 300 14.742479669405801
1.7 400 14.248821796237173
1.7 500 13.77547745396698
1.7 600 14.65224478389365
1.7 700 14.337040471952141
1.8 300 14.266788629246282
1.8 400 13.942986180137607
1.8 500 13.671119761359172
1.8 600 14.8721309869555
1.8 700 14.547078737256832
1.9 300 14.09792676502028
1.9 400 13.576238879322117
1.9 500 13.440710331358082
1.9 600 15.084155151228078
1.9 700 14.613311685966258
2.0 300 14.198529694764579
2.0 400 13.5336318360123
2.0 500 13.408909253860912
2.0 600 15.01149588911429
2.0 700 14.60528370314804
2.1 300 14.372308226385474
2.1 400 13.664021825395373
2.1 500 13.540984902380538
2.1 600 15.076070381207911
2.1 700 14.63214133214937
2.2 300 14.545573774984492
2.2 400 13.686779714480544
2.2 500 13.67096937592418
2.2 600 15.1916578670078
2.2 700 14.51997125871681
2.3 300 14.441921259160562
2.3 400 13.959344940444012
2.3 500 13.9299136579212
2.3 600 15.332322424232055
2.3 700 14.66497568862051
2.4 300 14.069316039117249
2.4 400 14.096448466023999
2.4 500 14.207003260984257
2.4 600 15.41431867207425
2.4 700 14.819575111596862
2.5 300 14.025018705863975
2.5 400 14.231188316645078
2.5 500 14.497776739131883
2.5 600 15.484463818698693
2.5 700 14.985565556694487
2.6 300 14.88059748978994
2.6 400 14.246452774715447
2.6 500 14.611939364438731
2.6 600 15.548945628609864
2.6 700 15.027462325496325
2.8 300 18.725783040114163
2.8 400 15.326392124506933
2.8 500 15.012153292713256
2.8 600 15.848445612455324
2.8 700 15.47232783559385
3.0 300 18.6098177295209
3.0 400 16.889753270752223
3.0 500 15.090323748550716
3.0 600 15.943246982910582
3.0 700 15.971630723093584
3.5 300 16.974349704250894
3.5 400 15.981543920221954
3.5 500 16.101471547163825
3.5 600 16.267025774896652
3.5 700 16.436942757556732
4.0 300 18.720150733284306
4.0 400 20.66276679696572
4.0 500 19.271114786222498
4.0 600 18.324189807994035
4.0 700 18.14889449268142
