0.1 400 57.438059736880696
0.2 400 50.21017948358958
0.3 400 48.074406095962146
0.4 400 44.35336439838596
0.5 400 34.96782345861537
0.6 400 24.397212446310185
0.7 400 19.07116131733476
0.8 400 15.53327463155622
0.9 400 14.814298590258781
1.0 400 14.229045774577395
1.1 400 16.256665246509918
1.2 400 15.601872892904522
1.3 400 15.599407116921292
1.4 400 15.136304995818689
1.5 400 14.775064852479554
1.6 400 14.522611826138235
1.7 400 14.248821796237173
1.8 400 13.942986180137607
1.9 400 13.576238879322117
2.0 400 13.5336318360123
2.1 400 13.664021825395373
2.2 400 13.686779714480544
2.3 400 13.959344940444012
2.4 400 14.096448466023999
2.5 400 14.231188316645078
2.6 400 14.246452774715447
2.8 400 15.326392124506933
3.0 400 16.889753270752223
3.5 400 15.981543920221954
4.0 400 20.66276679696572
