0.1 300 12.441706144618966
0.1 400 10.760304070554263
0.1 500 9.905543774075605
0.1 600 9.327826426001778
0.1 700 8.722125462162165
0.2 300 8.498583565989225
0.2 400 7.7072467705646694
0.2 500 7.522865984465241
0.2 600 7.33925954173974
0.2 700 7.11348227181685
0.3 300 7.768939388245106
0.3 400 7.109205235491075
0.3 500 6.747693078264907
0.3 600 6.504907735740951
0.3 700 6.383141955757421
0.4 300 7.2000872910146905
0.4 400 6.620637339914368
0.4 500 6.3988216701658995
0.4 600 6.432955964773136
0.4 700 6.230188230588639
0.5 300 6.550767784746163
0.5 400 6.400696406695901
0.5 500 6.177896281194559
0.5 600 6.242889486916165
0.5 700 5.943883237047811
0.6 300 6.353758414882119
0.6 400 5.932944186334149
0.6 500 5.916605937678784
0.6 600 5.908120341429182
0.6 700 5.78747604819969
0.7 300 5.860515065902466
0.7 400 5.628734239440057
0.7 500 5.447821004102087
0.7 600 5.44059255891928
0.7 700 5.347382399694495
0.8 300 5.369447700703302
0.8 400 5.257846967533242
0.8 500 4.9588654232444584
0.8 600 5.107150610359881
0.8 700 5.072282563585389
0.9 300 4.92568847270564
0.9 400 4.979272361882187
0.9 500 4.647717799954457
0.9 600 4.703589056556129
0.9 700 4.7254387087423515
1.0 300 4.4801280778951105
1.0 400 4.634590664850418
1.0 500 4.468159149874619
1.0 600 4.501334694265706
1.0 700 4.419828316416296
1.1 300 4.038496721560847
1.1 400 4.209587756017917
1.1 500 4.156434697702592
1.1 600 4.275840194746899
1.1 700 4.261110275438624
1.2 300 3.699026287401307
1.2 400 3.8549261389192018
1.2 500 3.800655884452877
1.2 600 3.9270801036317526
1.2 700 4.004344059346299
1.3 300 3.4775133119106316
1.3 400 3.62736450568857
1.3 500 3.5410167778088173
1.3 600 3.5990402858888624
1.3 700 3.669343626743057
1.4 300 3.3360849665702137
1.4 400 3.482010760171981
1.4 500 3.3996986412679777
1.4 600 3.382543052988554
1.4 700 3.389712567191733
1.5 300 3.2233070131790433
1.5 400 3.378069141621408
1.5 500 3.313685380272033
1.5 600 3.2828337240545356
1.5 700 3.228332173839935
1.6 300 3.1333473326723107
1.6 400 3.2648443759083143
1.6 500 3.2545509319983275
1.6 600 3.2358209699520097
1.6 700 3.1701990468714234
1.7 300 3.0656655904953007
1.7 400 3.1997467767514425
1.7 500 3.1870493722188176
1.7 600 3.239411006208879
1.7 700 3.172518062266406
1.8 300 3.0421313133574857
1.8 400 3.1685072300711137
1.8 500 3.174458483689965
1.8 600 3.215695580199252
1.8 700 3.188646971948369
1.9 300 3.0256299321530102
1.9 400 3.1668022143276904
1.9 500 3.133433434258775
1.9 600 3.2216388072838837
1.9 700 3.2014102494386116
2.0 300 3.06707482487369
2.0 400 3.17330395247459
2.0 500 3.1396039823503803
2.0 600 3.268443304876252
2.0 700 3.200024350616537
2.1 300 3.0013387632954873
2.1 400 3.232069368532598
2.1 500 3.142692628000144
2.1 600 3.2434171641604093
2.1 700 3.214652839401019
2.2 300 2.9592836141366194
2.2 400 3.216344522906191
2.2 500 3.12804041113804
2.2 600 3.237840975887621
2.2 700 3.2194505618419673
2.3 300 2.9752403565292544
2.3 400 3.176357171223486
2.3 500 3.0984175445561886
2.3 600 3.217204123385764
2.3 700 3.210250766412189
2.4 300 3.0206685810088567
2.4 400 3.055785161844562
2.4 500 3.066482457596901
2.4 600 3.2513306166457747
2.4 700 3.1913293707137353
2.5 300 3.084060726722967
2.5 400 2.981717924477837
2.5 500 3.042572826580309
2.5 600 3.2246625089995717
2.5 700 3.2237692001756884
2.6 300 3.1890121957420914
2.6 400 2.957923202784346
2.6 500 2.993517297791354
2.6 600 3.2001997903362596
2.6 700 3.1484936596456836
2.8 300 3.5568906026973255
2.8 400 3.0142028805099574
2.8 500 2.9987745280433993
2.8 600 3.1199666430989668
2.8 700 3.1210014717965113
3.0 300 4.124512654822174
3.0 400 3.238465784800892
3.0 500 3.035175114199149
3.0 600 3.1289458546467968
3.0 700 3.089051252962502
3.5 300 6.9622794549152855
3.5 400 4.995651362320978
3.5 500 4.016863289493806
3.5 600 3.7305673563884945
3.5 700 3.572621237480545
4.0 300 10.310990017567704
4.0 400 8.308942711635805
4.0 500 6.582321977824226
4.0 600 5.556458386383708
4.0 700 5.002844366992477
