0.1 300 12.238008728195156
0.1 400 10.639885735459368
0.1 500 9.868562265486718
0.1 600 9.199737542973553
0.1 700 8.714186083302167
0.2 300 8.39907814289942
0.2 400 7.581913032970579
0.2 500 7.397569105705028
0.2 600 7.218928290204516
0.2 700 6.963982957784973
0.3 300 7.743661366700458
0.3 400 7.068859537680832
0.3 500 6.700510218508311
0.3 600 6.456911273205299
0.3 700 6.329120844694005
0.4 300 7.186648020445805
0.4 400 6.6079978281248435
0.4 500 6.384540284514855
0.4 600 6.418310727350442
0.4 700 6.2135704261804205
0.5 300 6.5473447558191875
0.5 400 6.396697822575162
0.5 500 6.173481751845981
0.5 600 6.238666976982268
0.5 700 5.939259150124387
0.6 300 6.35243988653533
0.6 400 5.931754849378079
0.6 500 5.915153206600439
0.6 600 5.906514870997936
0.6 700 5.785719842963251
0.7 300 5.860001703798228
0.7 400 5.628140011977508
0.7 500 5.447258545134151
0.7 600 5.439880784526689
0.7 700 5.346670200737997
0.8 300 5.369257952564026
0.8 400 5.257602339580227
0.8 500 4.958627463049552
0.8 600 5.106849510752518
0.8 700 5.071923795516846
0.9 300 4.925590477509371
0.9 400 4.979154333311706
0.9 500 4.6475999603695435
0.9 600 4.703456436110304
0.9 700 4.725289120310911
1.0 300 4.48006256974815
1.0 400 4.634529590780437
1.0 500 4.468098222468867
1.0 600 4.501269144387161
1.0 700 4.41975795844744
1.1 300 4.038467803366233
1.1 400 4.209551713541664
1.1 500 4.156402757215864
1.1 600 4.275805379837989
1.1 700 4.261071400744484
1.2 300 3.6990172069488447
1.2 400 3.8549079774763007
1.2 500 3.8006390910535703
1.2 600 3.92706210205289
1.2 700 4.004324150845898
1.3 300 3.4775114965169975
1.3 400 3.627357998799637
1.3 500 3.5410093840132717
1.3 600 3.599032050241986
1.3 700 3.669335310118292
1.4 300 3.336084718917007
1.4 400 3.482009333768835
1.4 500 3.399696269372306
1.4 600 3.382540255951632
1.4 700 3.389709690585104
1.5 300 3.2233070362342806
1.5 400 3.3780690759411187
1.5 500 3.3136848054835686
1.5 600 3.2828330524701683
1.5 700 3.2283314615368024
1.6 300 3.1333473646534
1.6 400 3.264844420613676
1.6 500 3.25455086158801
1.6 600 3.235820881294301
1.6 700 3.1701989406750912
1.7 300 3.06566560265501
1.7 400 3.1997468093606214
1.7 500 3.1870493661548203
1.7 600 3.239411020155043
1.7 700 3.1725180673922937
1.8 300 3.042131315781853
1.8 400 3.1685072474556963
1.8 500 3.1744584831293934
1.8 600 3.215695591229043
1.8 700 3.1886469898885306
1.9 300 3.0256299573936443
1.9 400 3.166802265986964
1.9 500 3.1334334573575537
1.9 600 3.221638826761708
1.9 700 3.201410244793861
2.0 300 3.067074868607032
2.0 400 3.173303971429398
2.0 500 3.139603933344132
2.0 600 3.2684433428093684
2.0 700 3.2000243389832717
2.1 300 3.0013387577693997
2.1 400 3.2320693377661573
2.1 500 3.142692614885916
2.1 600 3.2434171376579806
2.1 700 3.2146528249319877
2.2 300 2.9592835856694757
2.2 400 3.216344592799462
2.2 500 3.128040469147962
2.2 600 3.237840968108706
2.2 700 3.2194506255599133
2.3 300 2.9752403775317546
2.3 400 3.1763569708933077
2.3 500 3.098417590569767
2.3 600 3.2172041045179403
2.3 700 3.2102508921013793
2.4 300 3.0206685905641306
2.4 400 3.0557846907038293
2.4 500 3.0664822983746167
2.4 600 3.2513304108166885
2.4 700 3.1913293751927503
2.5 300 3.084060690954472
2.5 400 2.9817176827817584
2.5 500 3.042572635571092
2.5 600 3.224662275892632
2.5 700 3.2237693818967768
2.6 300 3.18901222528989
2.6 400 2.9579231875214433
2.6 500 2.9935172011323905
2.6 600 3.200199858354281
2.6 700 3.1484938949061423
2.8 300 3.556890590866943
2.8 400 3.014202783465748
2.8 500 2.998774712181453
2.8 600 3.119966237029749
2.8 700 3.1210015796474826
3.0 300 4.124512644589292
3.0 400 3.238465989510254
3.0 500 3.0351743356939407
3.0 600 3.1289453283449187
3.0 700 3.0890512443592324
3.5 300 6.96227973160075
3.5 400 4.995650947096233
3.5 500 4.016863976609635
3.5 600 3.7305683280005373
3.5 700 3.5726164454462626
4.0 300 10.31098998626236
4.0 400 8.308942907310284
4.0 500 6.582320962529535
4.0 600 5.556455809315886
4.0 700 5.002845209000515
