0.1 700 168.01068400899766
0.2 700 80.56345540056617
0.3 700 80.69541413350262
0.4 700 81.16326803105962
0.5 700 80.72251469183625
0.6 700 86.85855634657014
0.7 700 94.94409792119116
0.8 700 101.72818152991616
0.9 700 106.07700786340783
1.0 700 109.87143642455365
1.1 700 110.81307399972887
1.2 700 111.81317619386485
1.3 700 114.32079120584352
1.4 700 116.42036931587857
1.5 700 119.78996752747238
1.6 700 123.7992730162908
1.7 700 125.60005487638324
1.8 700 128.54942032603205
1.9 700 140.55625785367684
2.0 700 155.46231605441204
2.1 700 162.41169112659847
2.2 700 164.16061192126426
2.3 700 164.48493383917813
2.4 700 165.27020638286913
2.5 700 168.0933410822154
2.6 700 179.08694179877324
2.8 700 263.65717112275513
3.0 700 371.73836208705507
3.5 700 620.9036643485236
4.0 700 739.964615015579
