0.1 300 47.32479582179845
0.1 400 46.2194768416125
0.1 500 47.48804106583228
0.1 600 49.90002792389227
0.1 700 51.18910928755997
0.2 300 47.20585911405892
0.2 400 53.31181668056515
0.2 500 44.52747148572362
0.2 600 47.83934169370856
0.2 700 42.07803651519302
0.3 300 45.423002489402684
0.3 400 34.4018913921037
0.3 500 30.816246440527717
0.3 600 28.659072166918232
0.3 700 26.00191384273817
0.4 300 27.381600152645067
0.4 400 19.081264152462026
0.4 500 17.36813101566541
0.4 600 16.680765368314482
0.4 700 16.56155679855836
0.5 300 16.173708861330407
0.5 400 14.643379409201339
0.5 500 13.964075418679494
0.5 600 14.79103599992337
0.5 700 16.895823224246307
0.6 300 12.436250791754972
0.6 400 12.417064709376504
0.6 500 15.4066442073737
0.6 600 13.905963686113937
0.6 700 15.194257511082396
0.7 300 10.898700700493965
0.7 400 14.936620225657187
0.7 500 13.677754338337305
0.7 600 13.67158065986157
0.7 700 13.75219272994627
0.8 300 12.159118234037752
0.8 400 13.976478427050601
0.8 500 13.237748355803108
0.8 600 13.078343665214698
0.8 700 13.27861000592804
0.9 300 13.056300862830428
0.9 400 13.372201788783801
0.9 500 12.374493414771718
0.9 600 12.969648086873507
0.9 700 13.425513921429923
1.0 300 13.878515544294647
1.0 400 12.966753076799659
1.0 500 12.774570049544552
1.0 600 13.261493419373378
1.0 700 13.492456216271782
1.1 300 14.039112089901177
1.1 400 13.3332258186375
1.1 500 13.076594611494826
1.1 600 14.030342325002662
1.1 700 13.88254018581834
1.2 300 13.808935865106761
1.2 400 13.000297000260339
1.2 500 13.037308375670891
1.2 600 14.524081238952002
1.2 700 14.255243343998282
1.3 300 13.868842882095255
1.3 400 12.745373659919455
1.3 500 12.998188506956886
1.3 600 14.711062713247857
1.3 700 14.337726799393064
1.4 300 13.916414932484123
1.4 400 12.852446591423051
1.4 500 13.207397245719319
1.4 600 14.735478269210736
1.4 700 14.394943490011329
1.5 300 13.384877375359258
1.5 400 13.087307329205874
1.5 500 13.486223885859005
1.5 600 14.70318658367022
1.5 700 14.234976507229504
1.6 300 12.726627870623213
1.6 400 13.223728610500809
1.6 500 13.659148155930842
1.6 600 14.698413037857346
1.6 700 14.426994795947065
1.7 300 13.045130194179153
1.7 400 13.3334942393876
1.7 500 13.822315936899145
1.7 600 14.697548472638461
1.7 700 14.511927762040253
1.8 300 14.062458348850674
1.8 400 13.617944300404888
1.8 500 13.63161734232292
1.8 600 15.008744353578056
1.8 700 14.650524498883016
1.9 300 14.92886738637143
1.9 400 14.359748104337003
1.9 500 13.901054182180603
1.9 600 14.867377373480291
1.9 700 15.029729273684485
2.0 300 14.610556204189947
2.0 400 15.126133262134752
2.0 500 14.6759698043454
2.0 600 14.654130723061243
2.0 700 15.163420414443832
2.1 300 15.616692049528726
2.1 400 15.744387643936332
2.1 500 17.807823467702473
2.1 600 15.50414868047407
2.1 700 15.966763960320282
2.2 300 15.427392882409192
2.2 400 13.905729581115551
2.2 500 19.909706140269947
2.2 600 16.01501050225008
2.2 700 16.202252166813317
2.3 300 17.835858470035934
2.3 400 14.588670230022245
2.3 500 14.343003703831508
2.3 600 14.353964953661311
2.3 700 14.19335519849318
2.4 300 19.381298931908088
2.4 400 15.51139117008346
2.4 500 14.926139515109668
2.4 600 14.688585080691663
2.4 700 14.416061129154684
2.5 300 21.190823073604346
2.5 400 16.539210220512466
2.5 500 15.87285080511212
2.5 600 15.346710532200133
2.5 700 15.057090798845087
2.6 300 15.890428396033714
2.6 400 17.57921868187675
2.6 500 17.09879755477508
2.6 600 16.35578923896137
2.6 700 15.948303366771617
2.8 300 18.861035211358757
2.8 400 19.623232635781772
2.8 500 20.44530634094464
2.8 600 19.311940103415267
2.8 700 18.825404825932637
3.0 300 22.187556691586693
3.0 400 24.00385376083817
3.0 500 24.832145950777036
3.0 600 23.51008167701359
3.0 700 22.854305805538434
3.5 300 28.1822819345245
3.5 400 26.24499983419602
3.5 500 31.786737239976702
3.5 600 37.28355891718813
3.5 700 35.638997586109994
4.0 300 43.332353358695535
4.0 400 34.42461419729607
4.0 500 48.94280110846505
4.0 600 59.23494050049579
4.0 700 54.17356551206397
