0.1 300 14.642010185711236
0.1 400 13.346817212521417
0.1 500 12.538614191235009
0.1 600 11.692489212628711
0.1 700 10.938978151612922
0.2 300 8.027143090835686
0.2 400 7.5408908645972765
0.2 500 7.304058446589103
0.2 600 6.966611271516114
0.2 700 6.54335185342783
0.3 300 6.568455737709706
0.3 400 5.795092325646656
0.3 500 5.422690105158443
0.3 600 5.134773600211676
0.3 700 4.849560161439059
0.4 300 5.939219361392832
0.4 400 5.225487070760296
0.4 500 4.988696965040195
0.4 600 4.926471567937843
0.4 700 4.706322202877172
0.5 300 5.407867800607373
0.5 400 5.038106657025403
0.5 500 4.8384791329587555
0.5 600 4.8935251566583
0.5 700 4.777096296102724
0.6 300 4.972369058266369
0.6 400 4.845956730917941
0.6 500 4.843908546454193
0.6 600 4.884831102268236
0.6 700 4.693640132646273
0.7 300 4.6778775740440555
0.7 400 4.5488684567367645
0.7 500 4.5553285418706375
0.7 600 4.574536211655774
0.7 700 4.520169366065067
0.8 300 4.357661068968151
0.8 400 4.358252098871398
0.8 500 4.246209383790719
0.8 600 4.375151143442678
0.8 700 4.318112173492024
0.9 300 4.117492957654327
0.9 400 4.120928800659774
0.9 500 3.9647545634386616
0.9 600 4.06541290962628
0.9 700 4.119406650206548
1.0 300 3.777207883068813
1.0 400 3.876572078732462
1.0 500 3.80857255744897
1.0 600 3.8915748983521286
1.0 700 3.8527847132691893
1.1 300 3.44767654006516
1.1 400 3.5562667300092885
1.1 500 3.6019940457257937
1.1 600 3.6788218665721866
1.1 700 3.6899867829610358
1.2 300 3.218745388302606
1.2 400 3.303200073829839
1.2 500 3.3378109960388813
1.2 600 3.4054583887788805
1.2 700 3.4653770952424177
1.3 300 3.116409969916374
1.3 400 3.182256003827787
1.3 500 3.1748094561964377
1.3 600 3.2015066212450183
1.3 700 3.271502487070929
1.4 300 3.082955503407851
1.4 400 3.158014754699552
1.4 500 3.125635572844253
1.4 600 3.0822514383813617
1.4 700 3.1138051079352516
1.5 300 3.0630582556685044
1.5 400 3.15983329259586
1.5 500 3.1293894284258865
1.5 600 3.0595875880189363
1.5 700 3.047081453545758
1.6 300 3.037377574814238
1.6 400 3.1391778502630134
1.6 500 3.124586285821614
1.6 600 3.073279552005282
1.6 700 3.0471516136122996
1.7 300 3.003342576505897
1.7 400 3.123213341741319
1.7 500 3.1187273271809333
1.7 600 3.0984384290623734
1.7 700 3.068588368468465
1.8 300 2.998196029712135
1.8 400 3.112655642532515
1.8 500 3.1404207367163486
1.8 600 3.145095075747283
1.8 700 3.1020657225889217
1.9 300 2.989099529579436
1.9 400 3.147767308744261
1.9 500 3.117265724810327
1.9 600 3.1723533297984967
1.9 700 3.1374578142561456
2.0 300 3.0309068914796256
2.0 400 3.148252771735246
2.0 500 3.123676266977068
2.0 600 3.220201278159208
2.0 700 3.1677362808288
2.1 300 3.029756080852174
2.1 400 3.1907332252406277
2.1 500 3.117563158876273
2.1 600 3.226840373990565
2.1 700 3.1880276225702766
2.2 300 2.974227053328591
2.2 400 3.1574889541178095
2.2 500 3.089359582203478
2.2 600 3.225183748267136
2.2 700 3.191001889012001
2.3 300 2.968418906595002
2.3 400 3.180308148920207
2.3 500 3.1102177752822144
2.3 600 3.200797582740915
2.3 700 3.1763543174128905
2.4 300 3.004328414683431
2.4 400 3.0518067443074703
2.4 500 3.064535780824993
2.4 600 3.2219383070407135
2.4 700 3.1925999810133683
2.5 300 3.061212783294046
2.5 400 2.967272980762656
2.5 500 2.984568222684555
2.5 600 3.137009795296023
2.5 700 3.2202847211357954
2.6 300 3.1604055813468994
2.6 400 2.937491894978267
2.6 500 2.9506293598650752
2.6 600 3.11383831682041
2.6 700 3.1105097544781297
2.8 300 3.526458198690647
2.8 400 2.991694762192166
2.8 500 2.9671043446917715
2.8 600 3.067954347447498
2.8 700 3.0508330024418067
3.0 300 4.085324845683872
3.0 400 3.232783216290319
3.0 500 3.0227041876958607
3.0 600 3.105771738908498
3.0 700 3.0677006951550427
3.5 300 6.939426631853831
3.5 400 5.008058895717994
3.5 500 4.046630814260671
3.5 600 3.7636631673020777
3.5 700 3.5949735109979346
4.0 300 10.287233550046484
4.0 400 8.296114998419858
4.0 500 6.589414116096128
4.0 600 5.578479897571122
4.0 700 5.02700010857432
