0.1 600 182.68399534685437
0.2 600 80.77457489780826
0.3 600 80.92166185045964
0.4 600 78.99370185345988
0.5 600 80.90930115362961
0.6 600 88.52057769985385
0.7 600 95.2893099274937
0.8 600 101.43423888146222
0.9 600 105.34888048061823
1.0 600 105.02604862350285
1.1 600 108.51506412128337
1.2 600 111.51717832964484
1.3 600 114.08591785909907
1.4 600 117.01203784558363
1.5 600 121.43109532598741
1.6 600 124.70354229464857
1.7 600 126.08254213201882
1.8 600 131.71634046695883
1.9 600 147.34345585346875
2.0 600 160.39317711225786
2.1 600 164.49093728550375
2.2 600 164.85009972838614
2.3 600 164.7786480820173
2.4 600 166.34525252149913
2.5 600 175.0073992818379
2.6 600 203.74942690599644
2.8 600 316.155701775265
3.0 600 431.1224318468488
3.5 600 623.708689843455
4.0 600 739.951935782114
