0.1 700 8.722125462162165
0.2 700 7.11348227181685
0.3 700 6.383141955757421
0.4 700 6.230188230588639
0.5 700 5.943883237047811
0.6 700 5.78747604819969
0.7 700 5.347382399694495
0.8 700 5.072282563585389
0.9 700 4.7254387087423515
1.0 700 4.419828316416296
1.1 700 4.261110275438624
1.2 700 4.004344059346299
1.3 700 3.669343626743057
1.4 700 3.389712567191733
1.5 700 3.228332173839935
1.6 700 3.1701990468714234
1.7 700 3.172518062266406
1.8 700 3.188646971948369
1.9 700 3.2014102494386116
2.0 700 3.200024350616537
2.1 700 3.214652839401019
2.2 700 3.2194505618419673
2.3 700 3.210250766412189
2.4 700 3.1913293707137353
2.5 700 3.2237692001756884
2.6 700 3.1484936596456836
2.8 700 3.1210014717965113
3.0 700 3.089051252962502
3.5 700 3.572621237480545
4.0 700 5.002844366992477
