0.1 400 10.755550529464747
0.2 400 7.698894266136862
0.3 400 7.108524746648065
0.4 400 6.620535217151153
0.5 400 6.400681827768309
0.6 400 5.932942417865712
0.7 400 5.628733785537611
0.8 400 5.2578468826595595
0.9 400 4.979272347697522
1.0 400 4.634590662064331
1.1 400 4.209587755499584
1.2 400 3.8549261392525076
1.3 400 3.627364505382869
1.4 400 3.4820107592382405
1.5 400 3.378069143340703
1.6 400 3.264844374916597
1.7 400 3.1997467851880526
1.8 400 3.168507223744233
1.9 400 3.166802220889227
2.0 400 3.173303990355659
2.1 400 3.232069368532598
2.2 400 3.216344522906191
2.3 400 3.176357171223486
2.4 400 3.055785161844562
2.5 400 2.981717924477837
2.6 400 2.957923202784346
2.8 400 3.0142028805099574
3.0 400 3.238465784800892
3.5 400 4.995651362320978
4.0 400 8.308942711635805
