0.1 500 153.78651140668782
0.2 500 73.92023442342403
0.3 500 77.9541461991111
0.4 500 78.59882405005614
0.5 500 84.22720592984746
0.6 500 91.94835383441131
0.7 500 95.27564787761014
0.8 500 98.02703462117204
0.9 500 100.6616817933329
1.0 500 104.81374842803955
1.1 500 108.07381171600608
1.2 500 111.96478608307355
1.3 500 115.76227035330602
1.4 500 119.60787851261739
1.5 500 123.88398338933075
1.6 500 125.83314639552981
1.7 500 129.79146808116622
1.8 500 145.30680890382538
1.9 500 162.9168365120368
2.0 500 167.8440431795188
2.1 500 166.6587773814834
2.2 500 164.90418619783154
2.3 500 165.03387595548975
2.4 500 172.7678041274163
2.5 500 202.26136512432217
2.6 500 259.42327372172144
2.8 500 382.03213189846315
3.0 500 481.299481613161
3.5 500 624.8280795328401
4.0 500 740.0404850460304
