0.1 500 49.02328645038033
0.2 500 46.91425124315654
0.3 500 40.62256135580962
0.4 500 22.451565748708187
0.5 500 16.166836042402124
0.6 500 15.563770201162463
0.7 500 14.431885687106062
0.8 500 14.68122867471531
0.9 500 14.326684904330648
1.0 500 13.41474055241382
1.1 500 13.656351055245581
1.2 500 13.675646398507823
1.3 500 13.399887191019516
1.4 500 13.373581665701868
1.5 500 13.545140669884795
1.6 500 13.905548297756633
1.7 500 14.290953552508661
1.8 500 14.50187250583236
1.9 500 14.749344605189453
2.0 500 14.70396338103717
2.1 500 14.991340838823536
2.2 500 15.15810702054397
2.3 500 15.244775192800923
2.4 500 15.747240549624914
2.5 500 16.20233653722814
2.6 500 16.93578014645065
2.8 500 19.447039114735286
3.0 500 23.80134000016154
3.5 500 38.954713523864115
4.0 500 81.6045872473489
