0.1 300 15.946709883356526
0.2 300 8.514276376856014
0.3 300 7.110241899012277
0.4 300 5.764257479743655
0.5 300 5.314572607815031
0.6 300 4.713523444019801
0.7 300 4.333947541598387
0.8 300 3.9298161475489826
0.9 300 3.688159388017435
1.0 300 3.432857708887256
1.1 300 3.10227973662392
1.2 300 2.850227478898793
1.3 300 2.746083393407338
1.4 300 2.729243925987021
1.5 300 2.7414988768840343
1.6 300 2.742064684877696
1.7 300 2.758296318887634
1.8 300 2.7905900589946033
1.9 300 2.8247969811163762
2.0 300 2.888609731163876
2.1 300 2.953688333281815
2.2 300 2.9574592161032744
2.3 300 2.900115709693026
2.4 300 2.874411734146537
2.5 300 2.8909050600860184
2.6 300 2.9410946278258945
2.8 300 3.2730708471253642
3.0 300 3.941562862442287
3.5 300 6.6152658564720985
4.0 300 9.941247882031783
