0.1 300 174.1797425325507
0.2 300 87.52531618847408
0.3 300 81.61796438750082
0.4 300 88.5128320882086
0.5 300 89.27364837835691
0.6 300 91.41700466538433
0.7 300 96.58124181464831
0.8 300 97.2442269324056
0.9 300 101.42500340831518
1.0 300 108.2452609155146
1.1 300 113.32951705082628
1.2 300 118.31879610444743
1.3 300 124.62629336754118
1.4 300 129.51541383253883
1.5 300 138.7253714340083
1.6 300 160.62587666051627
1.7 300 176.9221759306952
1.8 300 177.56332902245265
1.9 300 174.0338600896386
2.0 300 172.77704322577338
2.1 300 183.02039233853708
2.2 300 219.6032360195263
2.3 300 279.65118517048455
2.4 300 339.6629156117332
2.5 300 385.0426781149174
2.6 300 417.72894617886465
2.8 300 465.54562020843645
3.0 300 508.1273787967492
3.5 300 625.483555116114
4.0 300 750.7987684045844
