0.1 700 55.517593655538896
0.2 700 50.47306869870355
0.3 700 54.90551756848838
0.4 700 35.16349581734686
0.5 700 26.112805914248064
0.6 700 23.27893033895199
0.7 700 19.225818436775807
0.8 700 19.336977432814223
0.9 700 19.696145436657645
1.0 700 18.59265402815804
1.1 700 19.86949272054087
1.2 700 20.00981218904373
1.3 700 18.61401432069091
1.4 700 17.11211398302584
1.5 700 16.473327899680093
1.6 700 16.52563763846489
1.7 700 16.565821195555294
1.8 700 16.56819672649089
1.9 700 16.857875515514078
2.0 700 17.26643426504935
2.1 700 17.72172687614275
2.2 700 18.23497026063148
2.3 700 18.815945287682833
2.4 700 19.44783834633863
2.5 700 19.56119956037578
2.6 700 20.229243079938303
2.8 700 20.827024962680955
3.0 700 21.93436008083039
3.5 700 28.521750404999615
4.0 700 35.26595646726088
