0.1 500 9.369010925355754
0.2 500 6.850195948489532
0.3 500 6.324176347520455
0.4 500 6.118301632979912
0.5 500 6.048668133429032
0.6 500 5.847526326813718
0.7 500 5.411783597096695
0.8 500 4.938445004527619
0.9 500 4.634447967244048
1.0 500 4.4577900023037325
1.1 500 4.148626065965767
1.2 500 3.7945736030733275
1.3 500 3.5365225325148533
1.4 500 3.397129492294741
1.5 500 3.3124979005279687
1.6 500 3.254139575492286
1.7 500 3.1868998833918845
1.8 500 3.1744280659271458
1.9 500 3.1334264323891707
2.0 500 3.1396124750557015
2.1 500 3.142704707303989
2.2 500 3.128049638169882
2.3 500 3.0984222690317615
2.4 500 3.066483144355209
2.5 500 3.0425712040870008
2.6 500 2.9935151945916947
2.8 500 2.998773501455192
3.0 500 3.0351744701251246
3.5 500 4.0168639923021425
4.0 500 6.582324322566389
