0.1 500 38.29727800394811
0.2 500 32.97202899904549
0.3 500 15.908886076102096
0.4 500 8.998372249910824
0.5 500 10.31186496552586
0.6 500 9.6101121343856
0.7 500 9.38198019356744
0.8 500 9.680573036610165
0.9 500 10.142598228542251
1.0 500 10.770552548915497
1.1 500 11.700096469298082
1.2 500 12.191982130191468
1.3 500 12.474373988377549
1.4 500 12.727118974905647
1.5 500 12.904750797598915
1.6 500 12.851993640281773
1.7 500 12.84486482756907
1.8 500 12.98977295591288
1.9 500 13.451667980620867
2.0 500 14.708232207707889
2.1 500 16.41599300925134
2.2 500 18.0521966782566
2.3 500 18.25818131600998
2.4 500 19.69390871950859
2.5 500 22.22451264017387
2.6 500 16.4625531518711
2.8 500 19.293757703077922
3.0 500 19.989826102711582
3.5 500 27.789240084645904
4.0 500 43.386354932253816
