0.1 600 8.827851787823906
0.2 600 6.662467969926873
0.3 600 6.041035461079046
0.4 600 6.16173449622089
0.5 600 6.090053943518806
0.6 600 5.841478762719831
0.7 600 5.400644666790001
0.8 600 5.083479713972434
0.9 600 4.689564382774734
1.0 600 4.491417741640664
1.1 600 4.264379204008546
1.2 600 3.9213067450146477
1.3 600 3.5946213967837117
1.4 600 3.379776472226977
1.5 600 3.2815188658617678
1.6 600 3.2353696451124536
1.7 600 3.2393625238207395
1.8 600 3.2157439120632128
1.9 600 3.2216661391676933
2.0 600 3.26845590257562
2.1 600 3.2434174348899383
2.2 600 3.2378409268610366
2.3 600 3.2172029086264984
2.4 600 3.251328254709814
2.5 600 3.2246602895385124
2.6 600 3.2001975847017365
2.8 600 3.1199654028744104
3.0 600 3.1289456742072197
3.5 600 3.7305683790242323
4.0 600 5.556451782312994
