0.1 400 19.955903040335887
0.2 400 12.85649128834385
0.3 400 8.500554356094824
0.4 400 7.750392368591746
0.5 400 6.898311299298586
0.6 400 7.452492758504273
0.7 400 7.922513771920376
0.8 400 8.809546156148773
0.9 400 8.443928733193843
1.0 400 8.530104942221342
1.1 400 9.465815296098873
1.2 400 9.875422403947752
1.3 400 10.425870889527324
1.4 400 11.029274866230327
1.5 400 11.748360767891056
1.6 400 11.80218205473
1.7 400 11.508357389934964
1.8 400 11.494816111631526
1.9 400 11.892874548434943
2.0 400 12.429484692696823
2.1 400 13.073351828845906
2.2 400 13.557663751261504
2.3 400 14.669165144959308
2.4 400 13.890387603435235
2.5 400 14.770308696290293
2.6 400 15.25048713762364
2.8 400 17.199223444246442
3.0 400 18.711587730715006
3.5 400 24.618221676576827
4.0 400 35.56489226191296
