0.1 600 10.182973168429685
0.2 600 6.4695910207753204
0.3 600 5.254734062344128
0.4 600 5.162883904206622
0.5 600 5.196629881657288
0.6 600 5.141503682371423
0.7 600 4.851905501302335
0.8 600 4.616410404295888
0.9 600 4.3301921273279955
1.0 600 4.140524567843037
1.1 600 3.9244597415489246
1.2 600 3.654634307538876
1.3 600 3.406274577046986
1.4 600 3.2450702343863025
1.5 600 3.174424219153965
1.6 600 3.1720506818159806
1.7 600 3.198038939120829
1.8 600 3.1950113480473985
1.9 600 3.222246209298144
2.0 600 3.2676743595109508
2.1 600 3.244465249397753
2.2 600 3.238062139783506
2.3 600 3.2151305960931653
2.4 600 3.245402917227942
2.5 600 3.161243822941718
2.6 600 3.1402936067140326
2.8 600 3.113636785532829
3.0 600 3.124844180821209
3.5 600 3.733014422854219
4.0 600 5.557892951498268
