0.1 700 8.528101988845995
0.2 700 5.93221597483209
0.3 700 5.289948740952995
0.4 700 5.411145823213001
0.5 700 5.423428519951531
0.6 700 5.383782220584514
0.7 700 5.113811147015245
0.8 700 4.905191478466736
0.9 700 4.593829654529403
1.0 700 4.322898546530926
1.1 700 4.170680553968419
1.2 700 3.9304662652393043
1.3 700 3.618159920911613
1.4 700 3.354855628923285
1.5 700 3.207577771156746
1.6 700 3.1603145442440255
1.7 700 3.1683884929768693
1.8 700 3.1882856632629233
1.9 700 3.2024011908149883
2.0 700 3.2005076825434315
2.1 700 3.2144978172347507
2.2 700 3.2188107902457843
2.3 700 3.2093696862811205
2.4 700 3.190405708776468
2.5 700 3.2227777009147656
2.6 700 3.147815475196066
2.8 700 3.1206278341947957
3.0 700 3.088876809319001
3.5 700 3.572705042596095
4.0 700 5.002835182033401
