0.1 300 14.642010185711236
0.2 300 8.027143090835686
0.3 300 6.568455737709706
0.4 300 5.939219361392832
0.5 300 5.407867800607373
0.6 300 4.972369058266369
0.7 300 4.6778775740440555
0.8 300 4.357661068968151
0.9 300 4.117492957654327
1.0 300 3.777207883068813
1.1 300 3.44767654006516
1.2 300 3.218745388302606
1.3 300 3.116409969916374
1.4 300 3.082955503407851
1.5 300 3.0630582556685044
1.6 300 3.037377574814238
1.7 300 3.003342576505897
1.8 300 2.998196029712135
1.9 300 2.989099529579436
2.0 300 3.0309068914796256
2.1 300 3.029756080852174
2.2 300 2.974227053328591
2.3 300 2.968418906595002
2.4 300 3.004328414683431
2.5 300 3.061212783294046
2.6 300 3.1604055813468994
2.8 300 3.526458198690647
3.0 300 4.085324845683872
3.5 300 6.939426631853831
4.0 300 10.287233550046484
