0.1 600 9.313383951436258
0.2 600 7.331798867883807
0.3 600 6.504040560723983
0.4 600 6.432829279913111
0.5 600 6.242875844692872
0.6 600 5.908116538679298
0.7 600 5.440591930335544
0.8 600 5.107150503426434
0.9 600 4.7035890360811745
1.0 600 4.501334690550043
1.1 600 4.275840194022081
1.2 600 3.927080103671754
1.3 600 3.599040285738745
1.4 600 3.382543053863165
1.5 600 3.2828337246688117
1.6 600 3.2358209724421787
1.7 600 3.239410996968142
1.8 600 3.2156955850782243
1.9 600 3.2216388251967616
2.0 600 3.2684433232164873
2.1 600 3.2434171641604093
2.2 600 3.237840975887621
2.3 600 3.217204123385764
2.4 600 3.2513306166457747
2.5 600 3.2246625089995717
2.6 600 3.2001997903362596
2.8 600 3.1199666430989668
3.0 600 3.1289458546467968
3.5 600 3.7305673563884945
4.0 600 5.556458386383708
