0.1 400 60.481929317709145
0.2 400 46.61754360791214
0.3 400 42.36012464906437
0.4 400 33.239667286057596
0.5 400 21.380017398400977
0.6 400 15.861825722996064
0.7 400 13.315513619559372
0.8 400 12.676049214835318
0.9 400 14.641294539819592
1.0 400 14.591173200813852
1.1 400 14.218619283856135
1.2 400 13.969039940755307
1.3 400 13.783570840292613
1.4 400 13.502027414147934
1.5 400 13.347298009381934
1.6 400 13.390324817868565
1.7 400 13.757779267289326
1.8 400 14.033077720471885
1.9 400 14.32663194775974
2.0 400 14.559586099955238
2.1 400 14.81518203994625
2.2 400 15.597643250966183
2.3 400 17.723773873091368
2.4 400 19.813281768734193
2.5 400 16.903946110240323
2.6 400 17.348357802818803
2.8 400 18.81515487181091
3.0 400 21.06266845248216
3.5 400 28.818713316798863
4.0 400 39.72515919921925
