0.1 700 224.2960980057566
0.2 700 87.0161149206247
0.3 700 78.7043293246904
0.4 700 78.78831061425726
0.5 700 79.70931884164153
0.6 700 79.37641524964235
0.7 700 80.14948542761913
0.8 700 84.10297503034859
0.9 700 88.92491386904237
1.0 700 94.88262729510656
1.1 700 99.67433426264395
1.2 700 103.22864969595172
1.3 700 105.77757849053866
1.4 700 108.95247857014499
1.5 700 109.94413157074739
1.6 700 110.71417310440341
1.7 700 111.59122814238728
1.8 700 113.3548322047057
1.9 700 115.8205393279163
2.0 700 116.40438606420807
2.1 700 118.5491629017119
2.2 700 121.48243246432997
2.3 700 124.04778351900353
2.4 700 125.3383761827435
2.5 700 126.39474542407022
2.6 700 130.06420060905637
2.8 700 150.22876295940404
3.0 700 162.41784642249178
3.5 700 166.2309094244147
4.0 700 263.6577315329455
