0.1 600 49.12667678980505
0.2 600 46.19258315077811
0.3 600 39.61396320459561
0.4 600 22.499391159393863
0.5 600 15.404806965577833
0.6 600 15.813517685666156
0.7 600 14.739295930979992
0.8 600 14.474887226929267
0.9 600 14.13278953914619
1.0 600 13.989120383339088
1.1 600 14.308344806816587
1.2 600 14.667531640361199
1.3 600 15.032605286708428
1.4 600 15.003916059970644
1.5 600 15.116997365226018
1.6 600 15.29292751797575
1.7 600 15.373477684575343
1.8 600 15.431350922573362
1.9 600 15.585250167139563
2.0 600 15.576866045254093
2.1 600 15.74595369882322
2.2 600 15.976095293102105
2.3 600 15.809516865677082
2.4 600 15.804409074977983
2.5 600 16.045803524932563
2.6 600 16.5527493432931
2.8 600 18.458506088971394
3.0 600 21.80621967870795
3.5 600 36.025221353206184
4.0 600 86.0855969245253
