0.1 700 9.572319581568228
0.2 700 6.049287834916275
0.3 700 4.936039489842307
0.4 700 4.9454005673738415
0.5 700 5.03302739957894
0.6 700 4.951461211759618
0.7 700 4.801616234587422
0.8 700 4.607946378199273
0.9 700 4.346850651391451
1.0 700 4.13153423849218
1.1 700 3.9322880974000345
1.2 700 3.7129309990341497
1.3 700 3.477847113039909
1.4 700 3.2677918697555346
1.5 700 3.1520289449891505
1.6 700 3.12752360032542
1.7 700 3.1456402856775236
1.8 700 3.177410668896259
1.9 700 3.1992543870673695
2.0 700 3.200238611951717
2.1 700 3.2120632131736637
2.2 700 3.2132475328825514
2.3 700 3.201034964790318
2.4 700 3.180358698799659
2.5 700 3.15794502114749
2.6 700 3.138423888157969
2.8 700 3.0684823922129727
3.0 700 3.08431194197244
3.5 700 3.5748548421948376
4.0 700 5.003401178299624
