0.1 300 18.349139214634214
0.1 400 16.840275692931442
0.1 500 16.084580415175502
0.1 600 15.460020034386988
0.1 700 14.982392589577632
0.2 300 10.826673685901655
0.2 400 9.241167031856012
0.2 500 8.580541704050182
0.2 600 8.258621719259303
0.2 700 8.067762389754202
0.3 300 7.9407454775628015
0.3 400 7.441067099170204
0.3 500 7.1466448417416615
0.3 600 6.761786181410169
0.3 700 6.33712571262092
0.4 300 6.905604110726229
0.4 400 6.03517352887018
0.4 500 5.622164863172358
0.4 600 5.318219901668409
0.4 700 5.0610800760437975
0.5 300 6.057578212672821
0.5 400 5.507577308837217
0.5 500 5.072521827288524
0.5 600 4.907122230552265
0.5 700 4.704243585594622
0.6 300 5.819611725855231
0.6 400 5.123092960552237
0.6 500 4.9302416379227525
0.6 600 4.884925111679041
0.6 700 4.686343463585013
0.7 300 5.445891059319183
0.7 400 5.005283619987384
0.7 500 4.8064395382487985
0.7 600 4.84723890855748
0.7 700 4.762513818509616
0.8 300 5.04832371426543
0.8 400 4.899642594985617
0.8 500 4.8151308537293875
0.8 600 4.863217966289151
0.8 700 4.675760368118732
0.9 300 4.868264376007757
0.9 400 4.709483005635692
0.9 500 4.73351648509216
0.9 600 4.759067513845495
0.9 700 4.620098724330778
1.0 300 4.635808337373001
1.0 400 4.493674323328179
1.0 500 4.511665583390376
1.0 600 4.521579468126606
1.0 700 4.478944888830718
1.1 300 4.374301775953204
1.1 400 4.3654321021220355
1.1 500 4.290592405150828
1.1 600 4.395440566372663
1.1 700 4.3419078231058785
1.2 300 4.212438588896059
1.2 400 4.220455864644308
1.2 500 4.067429417399144
1.2 600 4.204257353320458
1.2 700 4.21490542550772
1.3 300 4.037169781576929
1.3 400 4.0520676528036335
1.3 500 3.901182662736425
1.3 600 3.9762634614841517
1.3 700 4.054096873490484
1.4 300 3.801893197537043
1.4 400 3.9009605190907672
1.4 500 3.7922057885819407
1.4 600 3.8636095886372943
1.4 700 3.8625759883308644
1.5 300 3.560404766787533
1.5 400 3.6677381100882553
1.5 500 3.6698476031275153
1.5 600 3.7595939366398246
1.5 700 3.7172739330484115
1.6 300 3.3499109436427186
1.6 400 3.4553142272020865
1.6 500 3.5013185601843615
1.6 600 3.5834439581707773
1.6 700 3.606519422125805
1.7 300 3.1956906920360977
1.7 400 3.2718763881147725
1.7 500 3.3215460116186386
1.7 600 3.386030973043468
1.7 700 3.446009239449497
1.8 300 3.1031803432027965
1.8 400 3.166669577650266
1.8 500 3.188764270764809
1.8 600 3.2341521515353593
1.8 700 3.2932149375993816
1.9 300 3.062903596918022
1.9 400 3.121482279718105
1.9 500 3.110391198663628
1.9 600 3.115847001433285
1.9 700 3.1826046085605175
2.0 300 3.047621979658302
2.0 400 3.11710436889705
2.0 500 3.0910332936023233
2.0 600 3.043970982204268
2.0 700 3.0801245306910787
2.1 300 3.035365403402053
2.1 400 3.1277164641008004
2.1 500 3.100279219353476
2.1 600 3.0259979636176064
2.1 700 3.0267021302514094
2.2 300 3.0243651673768706
2.2 400 3.126123902465553
2.2 500 3.1101192194426672
2.2 600 3.0350743445277097
2.2 700 3.020353614958842
2.3 300 3.011080674533121
2.3 400 3.1143244880645717
2.3 500 3.10363235735292
2.3 600 3.051475847179429
2.3 700 3.027761621487247
2.4 300 2.9823373292314166
2.4 400 3.1158064425894727
2.4 500 3.1072810160042383
2.4 600 3.072490667487475
2.4 700 3.047922147001549
2.5 300 2.9648862756328302
2.5 400 3.120696568219831
2.5 500 3.1168141569740424
2.5 600 3.089641377831417
2.5 700 3.0635836927209636
2.6 300 2.9803311749955417
2.6 400 3.1313932780612252
2.6 500 3.1302494047271336
2.6 600 3.1324448240838425
2.6 700 3.0871409239839385
2.8 300 2.9977851734813883
2.8 400 3.122423457288091
2.8 500 3.1363993082446613
2.8 600 3.1946264972225404
2.8 700 3.144970226377346
3.0 300 3.0276205992490555
3.0 400 3.130485455732213
3.0 500 3.1208223329363634
3.0 600 3.2188807451158836
3.0 700 3.1784055401399085
3.5 300 3.019917096874967
3.5 400 2.9999567764758983
3.5 500 3.0713082681997923
3.5 600 3.1707683592286053
3.5 700 3.1957838403750145
4.0 300 3.5131003157405987
4.0 400 2.9859390629714855
4.0 500 2.962641243676187
4.0 600 3.0599442725168817
4.0 700 3.0469002400152823
