0.1 500 11.000200158244828
0.2 500 6.832733505329356
0.3 500 5.420813947262438
0.4 500 5.206734748524092
0.5 500 5.132985753236149
0.6 500 5.138546499340278
0.7 500 4.831177754142201
0.8 500 4.491909773553787
0.9 500 4.2297038047001765
1.0 500 4.0725209081274905
1.1 500 3.8268881058519444
1.2 500 3.5513242298445813
1.3 500 3.353488375200409
1.4 500 3.269689737469818
1.5 500 3.2376173012783678
1.6 500 3.20641029043466
1.7 500 3.1774783635033317
1.8 500 3.1518323528854446
1.9 500 3.143671012976998
2.0 500 3.1519321371340223
2.1 500 3.155479554519311
2.2 500 3.073014233957265
2.3 500 3.1049385950453314
2.4 500 3.0684307009871756
2.5 500 2.995687672582764
2.6 500 2.9903239893372158
2.8 500 2.9806352591509424
3.0 500 3.0326133185001756
3.5 500 4.018109490989584
4.0 500 6.583419438813289
