0.1 300 12.441706144618966
0.2 300 8.498583565989225
0.3 300 7.768939388245106
0.4 300 7.2000872910146905
0.5 300 6.550767784746163
0.6 300 6.353758414882119
0.7 300 5.860515065902466
0.8 300 5.369447700703302
0.9 300 4.92568847270564
1.0 300 4.4801280778951105
1.1 300 4.038496721560847
1.2 300 3.699026287401307
1.3 300 3.4775133119106316
1.4 300 3.3360849665702137
1.5 300 3.2233070131790433
1.6 300 3.1333473326723107
1.7 300 3.0656655904953007
1.8 300 3.0421313133574857
1.9 300 3.0256299321530102
2.0 300 3.06707482487369
2.1 300 3.0013387632954873
2.2 300 2.9592836141366194
2.3 300 2.9752403565292544
2.4 300 3.0206685810088567
2.5 300 3.084060726722967
2.6 300 3.1890121957420914
2.8 300 3.5568906026973255
3.0 300 4.124512654822174
3.5 300 6.9622794549152855
4.0 300 10.310990017567704
