0.1 600 106.19252746291025
0.2 600 74.96408944973243
0.3 600 77.58000400325703
0.4 600 79.53237101626368
0.5 600 81.77722998954405
0.6 600 88.71194560601792
0.7 600 95.11431900504755
0.8 600 101.1855703562528
0.9 600 104.15347670175647
1.0 600 104.51726172687532
1.1 600 108.42890413912957
1.2 600 111.5257277563614
1.3 600 114.0725442984082
1.4 600 116.95798617556211
1.5 600 121.37783170017961
1.6 600 124.66146845479635
1.7 600 126.06029644592665
1.8 600 131.72402708162568
1.9 600 147.3669057435513
2.0 600 160.4093553780919
2.1 600 164.49780067546382
2.2 600 164.84940690802514
2.3 600 164.77255924508336
2.4 600 166.33743251594413
2.5 600 175.00139252933303
2.6 600 203.74839845067038
2.8 600 316.15998854524656
3.0 600 431.12240712524476
3.5 600 623.7074422197611
4.0 600 739.972644691987
