0.1 700 49.787657066938145
0.2 700 47.532900878461554
0.3 700 37.78628628718011
0.4 700 21.37472264767389
0.5 700 15.69138808581245
0.6 700 17.560909206223297
0.7 700 15.653690537315194
0.8 700 14.587625977083636
0.9 700 14.181143897041718
1.0 700 14.201893399329887
1.1 700 14.183074071382851
1.2 700 14.384390318167625
1.3 700 14.571549380869097
1.4 700 14.56508954614451
1.5 700 14.66186771493774
1.6 700 14.617714116483883
1.7 700 14.837472369588943
1.8 700 14.953928571707761
1.9 700 15.247887596148033
2.0 700 15.543634423457602
2.1 700 15.570846439691664
2.2 700 15.771547251269542
2.3 700 16.061173761804465
2.4 700 15.986323702799812
2.5 700 16.06667139864993
2.6 700 16.38260587461372
2.8 700 18.16206703380553
3.0 700 21.291902458854654
3.5 700 33.54326181277428
4.0 700 64.61818918512239
