0.1 300 35.28870822636391
0.2 300 33.89441657646843
0.3 300 20.39582320260678
0.4 300 11.823701149854305
0.5 300 8.904172327889025
0.6 300 8.193958008546781
0.7 300 8.37333633520093
0.8 300 7.909281832817945
0.9 300 8.772460159350823
1.0 300 10.282901010682576
1.1 300 11.036412838580087
1.2 300 10.58831958295345
1.3 300 10.44946451821054
1.4 300 11.050716479859558
1.5 300 11.065998676672423
1.6 300 11.125821056129437
1.7 300 11.397646626349891
1.8 300 11.785636990530394
1.9 300 11.724641630785412
2.0 300 11.956818458204518
2.1 300 12.191312837064801
2.2 300 12.494997646200138
2.3 300 13.181322689036044
2.4 300 14.91115533190997
2.5 300 17.287072376820966
2.6 300 19.38088195608677
2.8 300 24.246528934238004
3.0 300 25.337116030986856
3.5 300 25.122707844170876
4.0 300 48.28722372723546
