0.1 600 11.692489212628711
0.2 600 6.966611271516114
0.3 600 5.134773600211676
0.4 600 4.926471567937843
0.5 600 4.8935251566583
0.6 600 4.884831102268236
0.7 600 4.574536211655774
0.8 600 4.375151143442678
0.9 600 4.06541290962628
1.0 600 3.8915748983521286
1.1 600 3.6788218665721866
1.2 600 3.4054583887788805
1.3 600 3.2015066212450183
1.4 600 3.0822514383813617
1.5 600 3.0595875880189363
1.6 600 3.073279552005282
1.7 600 3.0984384290623734
1.8 600 3.145095075747283
1.9 600 3.1723533297984967
2.0 600 3.220201278159208
2.1 600 3.226840373990565
2.2 600 3.225183748267136
2.3 600 3.200797582740915
2.4 600 3.2219383070407135
2.5 600 3.137009795296023
2.6 600 3.11383831682041
2.8 600 3.067954347447498
3.0 600 3.105771738908498
3.5 600 3.7636631673020777
4.0 600 5.578479897571122
