0.1 300 12.122558648641066
0.2 300 7.943513722613868
0.3 300 6.183677288536312
0.4 300 5.514301261133521
0.5 300 5.056032428421904
0.6 300 4.765603178548258
0.7 300 4.449900450256289
0.8 300 4.122125194952426
0.9 300 3.88989363573579
1.0 300 3.543776289781559
1.1 300 3.2430904136734724
1.2 300 3.0495169604674803
1.3 300 2.9829511493905443
1.4 300 2.973368252666895
1.5 300 2.9701120718451777
1.6 300 2.968452943582893
1.7 300 2.968281149833609
1.8 300 2.9683214431169214
1.9 300 2.9865014796330076
2.0 300 3.0212014180016853
2.1 300 3.043326095891628
2.2 300 3.07045207560825
2.3 300 3.075024076772668
2.4 300 3.100203512549394
2.5 300 3.137902264623759
2.6 300 3.1991384341872533
2.8 300 3.512237722592006
3.0 300 4.076448778342853
3.5 300 7.023095976950595
4.0 300 10.322704918390208
