0.1 400 47.70022756735137
0.2 400 43.013208346773716
0.3 400 41.45080949601527
0.4 400 24.41892472611957
0.5 400 18.2359608137652
0.6 400 14.53220721512481
0.7 400 15.702256922271436
0.8 400 15.689618819394715
0.9 400 15.372623096939956
1.0 400 14.768443318392707
1.1 400 14.510232206808078
1.2 400 13.949123330053517
1.3 400 13.429031666440713
1.4 400 13.182913238588467
1.5 400 13.21024201623805
1.6 400 13.388784031911818
1.7 400 13.478784936625676
1.8 400 13.837227315216198
1.9 400 15.188240284303037
2.0 400 15.34844349851435
2.1 400 14.869541200698247
2.2 400 13.851890103974153
2.3 400 14.405413216865528
2.4 400 15.37190362540434
2.5 400 16.98866809922825
2.6 400 18.47703783582406
2.8 400 22.30653698452696
3.0 400 26.50002253739737
3.5 400 33.32946063961648
4.0 400 48.733775859110196
