0.1 600 9.318399628337867
0.2 600 7.338700071967182
0.3 600 6.504879342268014
0.4 600 6.4329538695055675
0.5 600 6.2428894160859025
0.6 600 5.90812033044064
0.7 600 5.440592558290805
0.8 600 5.107150610340604
0.9 600 4.703589056551703
1.0 600 4.501334694262986
1.1 600 4.2758401947247116
1.2 600 3.927080103791342
1.3 600 3.5990402858428836
1.4 600 3.382543052988554
1.5 600 3.2828337240545356
1.6 600 3.2358209699520097
1.7 600 3.239411006208879
1.8 600 3.215695580199252
1.9 600 3.2216388072838837
2.0 600 3.268443304876252
2.1 600 3.2434171641604093
2.2 600 3.237840975887621
2.3 600 3.217204123385764
2.4 600 3.2513306166457747
2.5 600 3.2246625089995717
2.6 600 3.2001997903362596
2.8 600 3.1199666430989668
3.0 600 3.1289458546467968
3.5 600 3.7305673563884945
4.0 600 5.556458386383708
