0.1 300 164.33076947897268
0.1 400 135.12545887919092
0.1 500 108.74869879979501
0.1 600 98.87816788773645
0.1 700 90.68786032699332
0.2 300 98.09747576776985
0.2 400 81.99492211792203
0.2 500 77.29677847833271
0.2 600 76.23777718567756
0.2 700 77.50945904024711
0.3 300 84.84606620277661
0.3 400 77.98370082730257
0.3 500 78.74748242254442
0.3 600 77.79675600059373
0.3 700 78.08495724655272
0.4 300 89.20890995731666
0.4 400 78.06320637315149
0.4 500 78.93055875468905
0.4 600 79.59709803493162
0.4 700 80.15135596425445
0.5 300 89.35987773553467
0.5 400 83.94431999386768
0.5 500 84.47165991492696
0.5 600 81.78793449924552
0.5 700 81.21203022398802
0.6 300 91.40791120124179
0.6 400 89.29634957157403
0.6 500 91.93416708417806
0.6 600 88.71270843182901
0.6 700 86.94382927343548
0.7 300 96.57756536198535
0.7 400 93.50866634691764
0.7 500 95.26697927488559
0.7 600 95.11435856127788
0.7 700 94.87687344777228
0.8 300 97.24412073689415
0.8 400 97.73141368886928
0.8 500 98.02535958284588
0.8 600 101.18556003036554
0.8 700 101.24752181272933
0.9 300 101.42540210860642
0.9 400 100.11162101222129
0.9 500 100.659518076848
0.9 600 104.15341453392593
0.9 700 105.48087693444994
1.0 300 108.24540419036519
1.0 400 104.67148751572343
1.0 500 104.8134394422173
1.0 600 104.51717593407604
1.0 700 109.22451087937262
1.1 300 113.3295268051056
1.1 400 108.88342821674743
1.1 500 108.07414516301147
1.1 600 108.42894065425801
1.1 700 110.5807735131133
1.2 300 118.31878635355359
1.2 400 114.09339583519743
1.2 500 111.96488874033449
1.2 600 111.52592454454435
1.2 700 111.81869606680544
1.3 300 124.62629402068526
1.3 400 118.6202807205292
1.3 500 115.76222569944423
1.3 600 114.07259988321037
1.3 700 114.31687648255719
1.4 300 129.51541210291663
1.4 400 123.71693608885175
1.4 500 119.60784151493472
1.4 600 116.95814651702418
1.4 700 116.40473941734716
1.5 300 138.72537809611015
1.5 400 126.83814255673508
1.5 500 123.88398220003087
1.5 600 121.37772746827754
1.5 700 119.74940531308114
1.6 300 160.62588161855479
1.6 400 130.2547808775873
1.6 500 125.83323076909552
1.6 600 124.66141158787498
1.6 700 123.7577775716223
1.7 300 176.9221865900209
1.7 400 141.33582305838516
1.7 500 129.79157123585367
1.7 600 126.06014084743782
1.7 700 125.57025131012492
1.8 300 177.56332894131307
1.8 400 161.80856929859576
1.8 500 145.30668624624494
1.8 600 131.72369356675918
1.8 700 128.53654845047092
1.9 300 174.03385067947482
1.9 400 170.39965135770677
1.9 500 162.91696226616293
1.9 600 147.3668192141435
1.9 700 140.56505811259038
2.0 300 172.777042067685
2.0 400 169.5423872417914
2.0 500 167.8440838024141
2.0 600 160.40957081183572
2.0 700 155.47384447691203
2.1 300 183.0203983129624
2.1 400 167.2158607623134
2.1 500 166.6587774303061
2.1 600 164.49784604387202
2.1 700 162.41732431681314
2.2 300 219.60323794316108
2.2 400 168.03575670440367
2.2 500 164.90419667323482
2.2 600 164.84912838994688
2.2 700 164.15931824736302
2.3 300 279.65118432015475
2.3 400 182.15314319815292
2.3 500 165.03389807759288
2.3 600 164.7725594352156
2.3 700 164.4800793762645
2.4 300 339.66291884927983
2.4 400 224.58482206779325
2.4 500 172.76781576248575
2.4 600 166.33743251594413
2.4 700 165.2629816843806
2.5 300 385.0426706741382
2.5 400 288.95363035622097
2.5 500 202.26149014098664
2.5 600 175.00139252933303
2.5 700 168.08434952338726
2.6 300 417.72894064553975
2.6 400 351.32383197166786
2.6 500 259.4232953301868
2.6 600 203.74839845067038
2.6 700 179.0809648948676
2.8 300 465.5456098568206
2.8 400 441.8126763928404
2.8 500 382.03194650601836
2.8 600 316.15998854524656
2.8 700 263.65873666990575
3.0 300 508.1273788362597
3.0 400 502.66143304015117
3.0 500 481.299234797557
3.0 600 431.12240712524476
3.0 700 371.7414500738137
3.5 300 625.483555116114
3.5 400 625.1292042364516
3.5 500 624.828077692097
3.5 600 623.7074422197611
3.5 700 620.9018906606331
4.0 300 750.7987684045844
4.0 400 740.3788552286738
4.0 500 740.0404850460304
4.0 600 739.972644691987
4.0 700 739.9459081426807
