0.1 500 270.3283283041057
0.2 500 100.9441120735864
0.3 500 80.24861502552763
0.4 500 82.36539023428186
0.5 500 79.47411392446435
0.6 500 92.54586697803722
0.7 500 93.58715689748935
0.8 500 98.9819113432757
0.9 500 102.79860901509387
1.0 500 106.08390973736832
1.1 500 108.93697963444431
1.2 500 112.2707247613775
1.3 500 115.68711982744473
1.4 500 119.24678514284608
1.5 500 123.73078684803522
1.6 500 126.06163905458398
1.7 500 128.83131210620644
1.8 500 141.72392948184384
1.9 500 159.647546730483
2.0 500 165.85151653725345
2.1 500 165.59565741506128
2.2 500 164.6109791943805
2.3 500 165.23671852115515
2.4 500 172.64081018945137
2.5 500 200.47806703128202
2.6 500 256.1193091828147
2.8 500 380.54780981175827
3.0 500 484.5056260080594
3.5 500 628.1509694964349
4.0 500 741.4993176200359
