0.1 500 11.958577995584484
0.2 500 7.294279555677226
0.3 500 5.178312559714052
0.4 500 4.667542429848583
0.5 500 4.5808948891761405
0.6 500 4.501715305377701
0.7 500 4.233889800514386
0.8 500 3.923178317790813
0.9 500 3.6437699053892505
1.0 500 3.48080644492533
1.1 500 3.312167189001887
1.2 500 3.0732895409018814
1.3 500 2.926485751214909
1.4 500 2.893489004908677
1.5 500 2.9479865960312313
1.6 500 2.9772636259470775
1.7 500 2.987418479071695
1.8 500 3.0204889579698273
1.9 500 3.070519591409102
2.0 500 3.108737257730845
2.1 500 3.1140581054938306
2.2 500 3.0853588123342286
2.3 500 3.0888921859402347
2.4 500 3.091175505216257
2.5 500 3.0504553663298237
2.6 500 3.081689125533875
2.8 500 3.0333822736490115
3.0 500 3.0268005138774425
3.5 500 4.302249893930732
4.0 500 6.657402073987744
