0.1 300 291.7033714239567
0.1 400 276.3815835892197
0.1 500 245.75999386401148
0.1 600 238.21662206335066
0.1 700 224.2960980057566
0.2 300 158.68438766859168
0.2 400 114.97066425759637
0.2 500 93.66882733223
0.2 600 89.72891265858995
0.2 700 87.0161149206247
0.3 300 88.12555243593398
0.3 400 76.78853378064535
0.3 500 75.08904611055651
0.3 600 76.7824909179487
0.3 700 78.7043293246904
0.4 300 76.89128815483822
0.4 400 74.56669398873765
0.4 500 77.5972087974813
0.4 600 79.20290587619563
0.4 700 78.78831061425726
0.5 300 79.88136016629478
0.5 400 76.12084888602575
0.5 500 80.84237384594094
0.5 600 78.38310135047547
0.5 700 79.70931884164153
0.6 300 86.24713029206976
0.6 400 76.88658151624625
0.6 500 78.09624590401634
0.6 600 78.35418521051344
0.6 700 79.37641524964235
0.7 300 88.4634067747838
0.7 400 81.8342815263317
0.7 500 82.27364780560465
0.7 600 80.27550534232142
0.7 700 80.14948542761913
0.8 300 90.61349097122985
0.8 400 87.73197033050963
0.8 500 90.67060907254151
0.8 600 85.86783217346526
0.8 700 84.10297503034859
0.9 300 93.1616343246353
0.9 400 90.26479891286264
0.9 500 93.08575876566219
0.9 600 90.64214723416902
0.9 700 88.92491386904237
1.0 300 96.71646413907635
1.0 400 93.9822440845149
1.0 500 95.39066699593045
1.0 600 95.21693683154804
1.0 700 94.88262729510656
1.1 300 97.15628931719688
1.1 400 97.19368422693087
1.1 500 97.07510790761201
1.1 600 99.69014830500925
1.1 700 99.67433426264395
1.2 300 98.33279630758685
1.2 400 98.35982640983221
1.2 500 99.24275163785032
1.2 600 103.59069707031415
1.2 700 103.22864969595172
1.3 300 101.97806914592748
1.3 400 100.62323827466672
1.3 500 100.9801411905986
1.3 600 104.86270026312577
1.3 700 105.77757849053866
1.4 300 106.87642192216236
1.4 400 103.79481982105024
1.4 500 104.00369756869569
1.4 600 104.29097541046447
1.4 700 108.95247857014499
1.5 300 110.97497772861755
1.5 400 106.81969597249183
1.5 500 106.28027234591252
1.5 600 106.3745393701519
1.5 700 109.94413157074739
1.6 300 114.27862894909008
1.6 400 109.8197628266213
1.6 500 108.81216331028965
1.6 600 109.16018094798196
1.6 700 110.71417310440341
1.7 300 117.7717882353316
1.7 400 113.57928745129647
1.7 500 111.5308209774626
1.7 600 111.2553272467743
1.7 700 111.59122814238728
1.8 300 122.09217837534209
1.8 400 116.8667214215669
1.8 500 114.40243088243454
1.8 600 113.07069009984934
1.8 700 113.3548322047057
1.9 300 126.22771772190099
1.9 400 120.10297279803329
1.9 500 116.76007105060262
1.9 600 114.84409879589036
1.9 700 115.8205393279163
2.0 300 129.51315762927436
2.0 400 123.71869990154525
2.0 500 119.6111084902479
2.0 600 116.95991303979164
2.0 700 116.40438606420807
2.1 300 134.89003887288013
2.1 400 126.09874992473655
2.1 500 122.84053169697088
2.1 600 119.96175347664318
2.1 700 118.5491629017119
2.2 300 145.99890819461993
2.2 400 127.89561388733814
2.2 500 124.86881198782764
2.2 600 123.0391207916594
2.2 700 121.48243246432997
2.3 300 163.0538544649001
2.3 400 130.82435952622885
2.3 500 125.99966929742236
2.3 600 124.8354800176136
2.3 700 124.04778351900353
2.4 300 175.25819684465696
2.4 400 137.9425626575536
2.4 500 128.35451030000783
2.4 600 125.72859530208017
2.4 700 125.3383761827435
2.5 300 178.384872541445
2.5 400 151.83587007212378
2.5 500 135.86305652726966
2.5 600 127.74207834657807
2.5 700 126.39474542407022
2.6 300 176.92769929651953
2.6 400 164.80029657153034
2.6 500 149.48981218373285
2.6 600 134.17612413995366
2.6 700 130.06420060905637
2.8 300 172.60985669863044
2.8 400 170.359651443309
2.8 500 167.1251832546513
2.8 600 156.41841268951285
2.8 700 150.22876295940404
3.0 300 183.02029360200882
3.0 400 167.2158225281681
3.0 500 166.6586264390547
3.0 600 164.49786420873022
3.0 700 162.41784642249178
3.5 300 364.3069094045935
3.5 400 255.53398313226796
3.5 500 183.80689278585427
3.5 600 169.11515571782974
3.5 700 166.2309094244147
4.0 300 465.54561781886287
4.0 400 441.8127447668331
4.0 500 382.03213811198805
4.0 600 316.1596954064992
4.0 700 263.6577315329455
