0.1 400 10.474560861861589
0.2 400 6.9914145579420275
0.3 400 6.249356206272144
0.4 400 5.83497637399251
0.5 400 5.808974972534287
0.6 400 5.559437578246391
0.7 400 5.338242684750933
0.8 400 5.040241824501397
0.9 400 4.812114587903538
1.0 400 4.5001556594086445
1.1 400 4.10489797890169
1.2 400 3.775384686160754
1.3 400 3.562051507902784
1.4 400 3.4526006013698396
1.5 400 3.3548056674903073
1.6 400 3.2624211002048256
1.7 400 3.2003841043799315
1.8 400 3.169792911097848
1.9 400 3.168302831464541
2.0 400 3.17482559522987
2.1 400 3.2334081082609827
2.2 400 3.2172891006431272
2.3 400 3.1768391231579614
2.4 400 3.0557653328147194
2.5 400 2.981373555876474
2.6 400 2.957462330283609
2.8 400 3.013831765948613
3.0 400 3.238289433771687
3.5 400 4.995666220153532
4.0 400 8.308907065773521
