0.1 500 9.802129023110991
0.2 500 6.738207918253571
0.3 500 4.939810522682852
0.4 500 4.684149590786747
0.5 500 4.645084189337512
0.6 500 4.597346940426184
0.7 500 4.307177429278964
0.8 500 4.048269107271941
0.9 500 3.7676031783397295
1.0 500 3.632598945286024
1.1 500 3.3950243577982855
1.2 500 3.1616200159974825
1.3 500 3.0423269464394105
1.4 500 3.041186448597748
1.5 500 3.0793257453638403
1.6 500 3.0735413814447328
1.7 500 3.0696374452688437
1.8 500 3.1193585292471777
1.9 500 3.1585557218254157
2.0 500 3.1372742159234766
2.1 500 3.1263273117380885
2.2 500 3.1445619424556206
2.3 500 3.0984935984256734
2.4 500 3.1066273275918714
2.5 500 3.1241993912720405
2.6 500 3.1148339736864585
2.8 500 3.019196104345274
3.0 500 3.0526801600052744
3.5 500 4.125973309703279
4.0 500 6.676117709502333
