0.1 300 54.17500318689298
0.2 300 50.34605766689155
0.3 300 45.224365159934905
0.4 300 38.52543444843697
0.5 300 31.316448718632348
0.6 300 21.959956035754303
0.7 300 18.233894841038847
0.8 300 18.05248012748585
0.9 300 16.164247194740984
1.0 300 15.97246354080661
1.1 300 16.964023890781203
1.2 300 17.01190330390712
1.3 300 15.524599186445032
1.4 300 14.734207120919452
1.5 300 14.507858759915543
1.6 300 14.63763641008347
1.7 300 14.917550836751081
1.8 300 15.215544626131729
1.9 300 15.494855928988192
2.0 300 17.170777575683708
2.1 300 21.592839284958327
2.2 300 16.17118829084091
2.3 300 16.946289875198662
2.4 300 17.540700781662608
2.5 300 18.381134268722292
2.6 300 19.396133714413768
2.8 300 21.24749690696018
3.0 300 22.991616400876214
3.5 300 31.83316545669342
4.0 300 40.03216015767429
