0.1 500 12.538614191235009
0.2 500 7.304058446589103
0.3 500 5.422690105158443
0.4 500 4.988696965040195
0.5 500 4.8384791329587555
0.6 500 4.843908546454193
0.7 500 4.5553285418706375
0.8 500 4.246209383790719
0.9 500 3.9647545634386616
1.0 500 3.80857255744897
1.1 500 3.6019940457257937
1.2 500 3.3378109960388813
1.3 500 3.1748094561964377
1.4 500 3.125635572844253
1.5 500 3.1293894284258865
1.6 500 3.124586285821614
1.7 500 3.1187273271809333
1.8 500 3.1404207367163486
1.9 500 3.117265724810327
2.0 500 3.123676266977068
2.1 500 3.117563158876273
2.2 500 3.089359582203478
2.3 500 3.1102177752822144
2.4 500 3.064535780824993
2.5 500 2.984568222684555
2.6 500 2.9506293598650752
2.8 500 2.9671043446917715
3.0 500 3.0227041876958607
3.5 500 4.046630814260671
4.0 500 6.589414116096128
