0.1 600 54.49953915551065
0.2 600 50.30755735070433
0.3 600 47.75012524171983
0.4 600 45.92469821502117
0.5 600 29.581571305668476
0.6 600 21.651555228699966
0.7 600 15.8625974550738
0.8 600 15.931391043446139
0.9 600 14.974792602931876
1.0 600 14.931822764945624
1.1 600 14.793330495381356
1.2 600 14.547264478006246
1.3 600 14.357176286078598
1.4 600 14.200155115968643
1.5 600 14.24444078411253
1.6 600 14.473813966868768
1.7 600 14.65224478389365
1.8 600 14.8721309869555
1.9 600 15.084155151228078
2.0 600 15.01149588911429
2.1 600 15.076070381207911
2.2 600 15.1916578670078
2.3 600 15.332322424232055
2.4 600 15.41431867207425
2.5 600 15.484463818698693
2.6 600 15.548945628609864
2.8 600 15.848445612455324
3.0 600 15.943246982910582
3.5 600 16.267025774896652
4.0 600 18.324189807994035
