0.1 300 12.504859166891501
0.1 400 10.755550529464747
0.1 500 9.897473592998294
0.1 600 9.313383951436258
0.1 700 8.701199233425836
0.2 300 8.488529441962154
0.2 400 7.698894266136862
0.2 500 7.515548946128035
0.2 600 7.331798867883807
0.2 700 7.1045391705647205
0.3 300 7.768531277685005
0.3 400 7.108524746648065
0.3 500 6.746775868814178
0.3 600 6.504040560723983
0.3 700 6.382132929251837
0.4 300 7.200000466612759
0.4 400 6.620535217151153
0.4 500 6.398712055626574
0.4 600 6.432829279913111
0.4 700 6.230031312263452
0.5 300 6.5507595196985
0.5 400 6.400681827768309
0.5 500 6.177877001159768
0.5 600 6.242875844692872
0.5 700 5.943861363245045
0.6 300 6.3537561807667124
0.6 400 5.932942417865712
0.6 500 5.916602902401905
0.6 600 5.908116538679298
0.6 700 5.7874720512866205
0.7 300 5.86051467796206
0.7 400 5.628733785537611
0.7 500 5.447820540239811
0.7 600 5.440591930335544
0.7 700 5.347381654085789
0.8 300 5.369447659355828
0.8 400 5.2578468826595595
0.8 500 4.9588653374624
0.8 600 5.107150503426434
0.8 700 5.072282424478316
0.9 300 4.925688463615517
0.9 400 4.979272347697522
0.9 500 4.6477177838509665
0.9 600 4.7035890360811745
0.9 700 4.7254386852965276
1.0 300 4.480128074684143
1.0 400 4.634590662064331
1.0 500 4.468159147175068
1.0 600 4.501334690550043
1.0 700 4.419828312000047
1.1 300 4.038496721162207
1.1 400 4.209587755499584
1.1 500 4.1564346972104556
1.1 600 4.275840194022081
1.1 700 4.2611102745772
1.2 300 3.699026287419043
1.2 400 3.8549261392525076
1.2 500 3.8006558843681484
1.2 600 3.927080103671754
1.2 700 4.004344059190599
1.3 300 3.4775133116840635
1.3 400 3.627364505382869
1.3 500 3.5410167778384056
1.3 600 3.599040285738745
1.3 700 3.6693436266915223
1.4 300 3.3360849666945227
1.4 400 3.4820107592382405
1.4 500 3.3996986421665274
1.4 600 3.382543053863165
1.4 700 3.389712568261326
1.5 300 3.2233070118170093
1.5 400 3.378069143340703
1.5 500 3.3136853802057784
1.5 600 3.2828337246688117
1.5 700 3.2283321736401343
1.6 300 3.13334733194495
1.6 400 3.264844374916597
1.6 500 3.254550928219795
1.6 600 3.2358209724421787
1.6 700 3.1701990481840245
1.7 300 3.065665584908763
1.7 400 3.1997467851880526
1.7 500 3.187049365321919
1.7 600 3.239410996968142
1.7 700 3.172518069443921
1.8 300 3.04213130734022
1.8 400 3.168507223744233
1.8 500 3.1744584900249944
1.8 600 3.2156955850782243
1.8 700 3.1886469856133406
1.9 300 3.025629933674898
1.9 400 3.166802220889227
1.9 500 3.133433426125042
1.9 600 3.2216388251967616
1.9 700 3.201410241786324
2.0 300 3.0670748361225195
2.0 400 3.173303990355659
2.0 500 3.139603938437083
2.0 600 3.2684433232164873
2.0 700 3.200024334760512
2.1 300 3.0013387632954873
2.1 400 3.232069368532598
2.1 500 3.142692628000144
2.1 600 3.2434171641604093
2.1 700 3.214652839401019
2.2 300 2.9592836141366194
2.2 400 3.216344522906191
2.2 500 3.12804041113804
2.2 600 3.237840975887621
2.2 700 3.2194505618419673
2.3 300 2.9752403565292544
2.3 400 3.176357171223486
2.3 500 3.0984175445561886
2.3 600 3.217204123385764
2.3 700 3.210250766412189
2.4 300 3.0206685810088567
2.4 400 3.055785161844562
2.4 500 3.066482457596901
2.4 600 3.2513306166457747
2.4 700 3.1913293707137353
2.5 300 3.084060726722967
2.5 400 2.981717924477837
2.5 500 3.042572826580309
2.5 600 3.2246625089995717
2.5 700 3.2237692001756884
2.6 300 3.1890121957420914
2.6 400 2.957923202784346
2.6 500 2.993517297791354
2.6 600 3.2001997903362596
2.6 700 3.1484936596456836
2.8 300 3.5568906026973255
2.8 400 3.0142028805099574
2.8 500 2.9987745280433993
2.8 600 3.1199666430989668
2.8 700 3.1210014717965113
3.0 300 4.124512654822174
3.0 400 3.238465784800892
3.0 500 3.035175114199149
3.0 600 3.1289458546467968
3.0 700 3.089051252962502
3.5 300 6.9622794549152855
3.5 400 4.995651362320978
3.5 500 4.016863289493806
3.5 600 3.7305673563884945
3.5 700 3.572621237480545
4.0 300 10.310990017567704
4.0 400 8.308942711635805
4.0 500 6.582321977824226
4.0 600 5.556458386383708
4.0 700 5.002844366992477
