0.1 600 8.983770117474174
0.2 600 6.2128704681650415
0.3 600 5.544331329739676
0.4 600 5.615236414630073
0.5 600 5.658084523202806
0.6 600 5.5489347559006355
0.7 600 5.184541324171803
0.8 600 4.921790631655368
0.9 600 4.573980749879173
1.0 600 4.396013835032882
1.1 600 4.179571183347144
1.2 600 3.8584607548649825
1.3 600 3.549139448156905
1.4 600 3.3524001960224323
1.5 600 3.259986248219914
1.6 600 3.209739374190141
1.7 600 3.2151041463636596
1.8 600 3.2164214274528984
1.9 600 3.2223941792997217
2.0 600 3.26882623931299
2.1 600 3.243413602849407
2.2 600 3.2377317948904882
2.3 600 3.216924880727316
2.4 600 3.250840290383196
2.5 600 3.2241259474738775
2.6 600 3.199683472841414
2.8 600 3.1196329058668124
3.0 600 3.128821459045103
3.5 600 3.7306327320508963
4.0 600 5.556459973744641
