0.1 700 54.40702134983039
0.2 700 47.28661061266041
0.3 700 39.9442239543768
0.4 700 27.848324224479473
0.5 700 17.85863137695603
0.6 700 14.209011241168403
0.7 700 17.824328110125457
0.8 700 15.053161736027045
0.9 700 14.056096793760204
1.0 700 14.076956210476
1.1 700 14.23192561994825
1.2 700 14.174110689442198
1.3 700 14.040681416046889
1.4 700 14.254997015744852
1.5 700 14.251882475961272
1.6 700 14.234617865269023
1.7 700 14.291924525432945
1.8 700 14.344221480147032
1.9 700 14.721059379653342
2.0 700 15.006613603142888
2.1 700 15.510710238311727
2.2 700 16.07915044598096
2.3 700 16.45909922535896
2.4 700 17.260043492685462
2.5 700 17.517789339780837
2.6 700 18.11660484090991
2.8 700 18.59366523601699
3.0 700 19.66095511953504
3.5 700 26.402818954090957
4.0 700 39.58450825324548
