0.1 600 16.212634878223238
0.2 600 8.332531013408264
0.3 600 6.406582496360962
0.4 600 5.241366976763307
0.5 600 4.8049687204322655
0.6 600 4.587440661530792
0.7 600 4.449244840729664
0.8 600 4.158840200493958
0.9 600 3.8943396453993846
1.0 600 3.577673993700671
1.1 600 3.3457663696321105
1.2 600 3.1830914019544534
1.3 600 2.95727613573347
1.4 600 2.761704177833905
1.5 600 2.6911495363200624
1.6 600 2.699091577551813
1.7 600 2.758282832605933
1.8 600 2.8022136255107006
1.9 600 2.856369109938973
2.0 600 2.9173238487593722
2.1 600 2.966831023141821
2.2 600 3.0331774079340437
2.3 600 3.116872822137722
2.4 600 3.2493951244180908
2.5 600 3.2607829609946197
2.6 600 3.3334147088677595
2.8 600 3.247783049677051
3.0 600 3.108366589749836
3.5 600 3.811186551464691
4.0 600 5.718373143124324
