0.1 400 35.655874902054784
0.2 400 28.339627307243028
0.3 400 14.419761064915718
0.4 400 9.733388225213803
0.5 400 9.156079797993247
0.6 400 9.38114555139955
0.7 400 9.020313217428225
0.8 400 9.835659304979476
0.9 400 9.767070613938381
1.0 400 9.845171688848659
1.1 400 10.373230824619485
1.2 400 10.778069906900349
1.3 400 11.225159548592764
1.4 400 11.790148259084248
1.5 400 12.231688724871065
1.6 400 12.046788835608847
1.7 400 11.771435220445055
1.8 400 11.785962997126909
1.9 400 12.27587028572302
2.0 400 12.836114148893529
2.1 400 13.397513628875217
2.2 400 14.179806759382739
2.3 400 13.501070159158276
2.4 400 14.391855311725985
2.5 400 14.85887606562358
2.6 400 15.350161364330964
2.8 400 17.299234504798132
3.0 400 18.825407396828272
3.5 400 24.859348555124953
4.0 400 35.39805370501832
