0.1 700 8.701199233425836
0.2 700 7.1045391705647205
0.3 700 6.382132929251837
0.4 700 6.230031312263452
0.5 700 5.943861363245045
0.6 700 5.7874720512866205
0.7 700 5.347381654085789
0.8 700 5.072282424478316
0.9 700 4.7254386852965276
1.0 700 4.419828312000047
1.1 700 4.2611102745772
1.2 700 4.004344059190599
1.3 700 3.6693436266915223
1.4 700 3.389712568261326
1.5 700 3.2283321736401343
1.6 700 3.1701990481840245
1.7 700 3.172518069443921
1.8 700 3.1886469856133406
1.9 700 3.201410241786324
2.0 700 3.200024334760512
2.1 700 3.214652839401019
2.2 700 3.2194505618419673
2.3 700 3.210250766412189
2.4 700 3.1913293707137353
2.5 700 3.2237692001756884
2.6 700 3.1484936596456836
2.8 700 3.1210014717965113
3.0 700 3.089051252962502
3.5 700 3.572621237480545
4.0 700 5.002844366992477
