0.1 300 57.4082441448747
0.2 300 48.56567007134056
0.3 300 46.16630502466266
0.4 300 42.38094740841326
0.5 300 37.76916616041215
0.6 300 36.27835154314897
0.7 300 22.581617742501937
0.8 300 17.593360192315764
0.9 300 15.71977275169779
1.0 300 14.142820840316604
1.1 300 13.20480901116486
1.2 300 13.045166085793548
1.3 300 13.603111844042413
1.4 300 14.445650460054138
1.5 300 14.692912812362348
1.6 300 14.711102434783088
1.7 300 14.742479669405801
1.8 300 14.266788629246282
1.9 300 14.09792676502028
2.0 300 14.198529694764579
2.1 300 14.372308226385474
2.2 300 14.545573774984492
2.3 300 14.441921259160562
2.4 300 14.069316039117249
2.5 300 14.025018705863975
2.6 300 14.88059748978994
2.8 300 18.725783040114163
3.0 300 18.6098177295209
3.5 300 16.974349704250894
4.0 300 18.720150733284306
