0.1 600 6.972805989773391
0.2 600 5.2746864214582025
0.3 600 4.624993915545843
0.4 600 4.624901672974782
0.5 600 4.422097446904386
0.6 600 4.130692354628425
0.7 600 3.7752942175680557
0.8 600 3.543443211827791
0.9 600 3.222822645216738
1.0 600 3.047550608094531
1.1 600 2.890789789197369
1.2 600 2.645984959674372
1.3 600 2.413276678520772
1.4 600 2.239556092877509
1.5 600 2.1302451056982408
1.6 600 2.0646045776195807
1.7 600 2.032296774715356
1.8 600 1.9818711482991764
1.9 600 1.9613986840686815
2.0 600 1.9677034456159304
2.1 600 1.998722672300397
2.2 600 2.003800399136639
2.3 600 2.0050684890433317
2.4 600 2.007009721578433
2.5 600 2.010173143193677
2.6 600 2.015177695380277
2.8 600 2.0192981394744454
3.0 600 2.073095460043799
3.5 600 2.5578519605293955
4.0 600 3.8720901370860727
