0.1 500 13.391271669947734
0.2 500 4.68602424658403
0.3 500 4.403523886726629
0.4 500 4.550381209478071
0.5 500 4.900039662421479
0.6 500 5.231099778229059
0.7 500 5.400637132944097
0.8 500 5.657800445268028
0.9 500 5.886321615044484
1.0 500 6.367763972465186
1.1 500 6.692722820900564
1.2 500 7.332070941352418
1.3 500 7.80615451088519
1.4 500 8.107249220624821
1.5 500 8.222538061692937
1.6 500 8.259641168358234
1.7 500 8.28936376450238
1.8 500 8.318364915390209
1.9 500 8.430277740236878
2.0 500 8.523210605155546
2.1 500 8.67358707723845
2.2 500 8.900554856102826
2.3 500 9.235454905451954
2.4 500 9.625353626856223
2.5 500 10.184167391703163
2.6 500 12.247936552302493
2.8 500 13.720048253800451
3.0 500 14.9487419505564
3.5 500 18.010918369727655
4.0 500 22.691256184503416
