0.1 400 7.991824898436319
0.2 400 5.542756864658864
0.3 400 5.082994770141948
0.4 400 4.676873531588942
0.5 400 4.479959515350616
0.6 400 4.187925764751834
0.7 400 3.9235731856775473
0.8 400 3.622217487320134
0.9 400 3.3847075751505016
1.0 400 3.0667703402105544
1.1 400 2.732998324997257
1.2 400 2.4662203799156046
1.3 400 2.289451736067831
1.4 400 2.1832140256628274
1.5 400 2.1031850594777066
1.6 400 2.0230407348640047
1.7 400 1.9728051564896574
1.8 400 1.931010507287541
1.9 400 1.915518371718956
2.0 400 1.9185074436301448
2.1 400 1.927613817347241
2.2 400 1.932015087777908
2.3 400 1.929309062074025
2.4 400 1.9301682730544893
2.5 400 1.929795008574215
2.6 400 1.9452960558510244
2.8 400 2.0485940577135167
3.0 400 2.2400406089464697
3.5 400 3.5054485953201264
4.0 400 6.013335750707849
