0.1 700 9.76018140376886
0.2 700 4.96990557786768
0.3 700 3.4426494561014325
0.4 700 3.081102577146059
0.5 700 3.0189546261883273
0.6 700 2.934617358185746
0.7 700 2.8410133440796033
0.8 700 2.6833542559823247
0.9 700 2.511992423287535
1.0 700 2.3626712328064676
1.1 700 2.1926123718897395
1.2 700 2.110924602188938
1.3 700 2.01842732910936
1.4 700 1.9161536596080477
1.5 700 1.8263349369105353
1.6 700 1.8064501291488326
1.7 700 1.810202696793313
1.8 700 1.8011706290921188
1.9 700 1.7840799618558183
2.0 700 1.7850096224234522
2.1 700 1.8118449674786983
2.2 700 1.8307448221754918
2.3 700 1.8459067784581955
2.4 700 1.860411647976518
2.5 700 1.8764351648294952
2.6 700 1.8920244498632366
2.8 700 1.94567197005708
3.0 700 2.0137865260859704
3.5 700 2.495909916715384
4.0 700 3.85854601989753
