0.1 400 8.118898584524251
0.2 400 5.655060496284785
0.3 400 5.114214388192719
0.4 400 4.685185688630599
0.5 400 4.482694320258137
0.6 400 4.1886627751821885
0.7 400 3.9238120443149347
0.8 400 3.6222926248193517
0.9 400 3.384741274306024
1.0 400 3.066789302657553
1.1 400 2.7330107082943385
1.2 400 2.466226088938303
1.3 400 2.289454600003605
1.4 400 2.1832144749252786
1.5 400 2.1031850104326453
1.6 400 2.0230407049416
1.7 400 1.9728051324477092
1.8 400 1.9310104979697036
1.9 400 1.9155183337090333
2.0 400 1.9185074326789038
2.1 400 1.9276138648355072
2.2 400 1.9320149543759122
2.3 400 1.9293092338386773
2.4 400 1.9301688786048816
2.5 400 1.9297952137382413
2.6 400 1.945296180555013
2.8 400 2.0485938090319076
3.0 400 2.24004041426085
3.5 400 3.505448870562931
4.0 400 6.013334956540127
