0.1 600 6.964308374368937
0.2 600 5.274270508729991
0.3 600 4.624979898164388
0.4 600 4.624900388405505
0.5 600 4.422097422954672
0.6 600 4.130692349540856
0.7 600 3.7752942173121453
0.8 600 3.5434432118151618
0.9 600 3.2228226452041464
1.0 600 3.047550608089276
1.1 600 2.890789789185256
1.2 600 2.6459849597644585
1.3 600 2.4132766786119704
1.4 600 2.239556092877509
1.5 600 2.1302451056982408
1.6 600 2.0646045776195807
1.7 600 2.032296774715356
1.8 600 1.9818711482991764
1.9 600 1.9613986840686815
2.0 600 1.9677034456159304
2.1 600 1.998722672300397
2.2 600 2.003800399136639
2.3 600 2.0050684890433317
2.4 600 2.007009721578433
2.5 600 2.010173143193677
2.6 600 2.015177695380277
2.8 600 2.0192981394744454
3.0 600 2.073095460043799
3.5 600 2.5578519605293955
4.0 600 3.8720901370860727
