0.1 400 9.923967909311514
0.2 400 5.220376293552858
0.3 400 3.987156733509336
0.4 400 3.639734387041945
0.5 400 3.465326588414375
0.6 400 3.3117438119012914
0.7 400 3.09253649080088
0.8 400 2.936807639470082
0.9 400 2.7724586769533306
1.0 400 2.593728649781097
1.1 400 2.380987061728036
1.2 400 2.198512295168903
1.3 400 2.08414833702254
1.4 400 2.0137760563137173
1.5 400 1.9755867819591477
1.6 400 1.9471210092280316
1.7 400 1.9275135059040145
1.8 400 1.911469112055102
1.9 400 1.9049844764364077
2.0 400 1.9137225734861667
2.1 400 1.92076637382705
2.2 400 1.9201887793171433
2.3 400 1.9182230179524613
2.4 400 1.9142012598085016
2.5 400 1.9179008777186854
2.6 400 1.9362599425269247
2.8 400 2.0417320078444394
3.0 400 2.250628371919729
3.5 400 3.515082641976319
4.0 400 6.031215901635817
