0.1 300 25.476856574929574
0.2 300 18.722860910947112
0.3 300 13.909158230472542
0.4 300 7.566073791204735
0.5 300 5.706821369541449
0.6 300 5.361573411987505
0.7 300 5.726248390155388
0.8 300 5.899989458722337
0.9 300 5.945780382846299
1.0 300 6.584028838865237
1.1 300 6.606131760465273
1.2 300 6.723945307386364
1.3 300 7.094200908130595
1.4 300 7.415156598827367
1.5 300 7.4729606658006436
1.6 300 7.5633615712690245
1.7 300 7.7049423618779365
1.8 300 7.877493826439368
1.9 300 8.087565346406103
2.0 300 8.36497711258156
2.1 300 8.70286059930439
2.2 300 9.10615788225492
2.3 300 9.506617410393595
2.4 300 10.725495637953363
2.5 300 11.255531596366833
2.6 300 11.843716180101259
2.8 300 13.137712773768865
3.0 300 14.605401986400178
3.5 300 19.06032088932974
4.0 300 26.609198592309994
