0.1 300 9.2003638542089
0.2 300 6.177785057804711
0.3 300 5.653955420138833
0.4 300 5.206707085489304
0.5 300 4.678270204872638
0.6 300 4.493504191729011
0.7 300 4.128075646681884
0.8 300 3.7453517580337965
0.9 300 3.3576603689545066
1.0 300 3.0068928199774962
1.1 300 2.6721550047396345
1.2 300 2.4151916737997454
1.3 300 2.271248893989784
1.4 300 2.194203801699497
1.5 300 2.1169118525823536
1.6 300 2.0574690675699556
1.7 300 2.0110427108749387
1.8 300 1.963587653721797
1.9 300 1.956670616499196
2.0 300 1.95355408466884
2.1 300 1.9664035147944137
2.2 300 2.0011815819163297
2.3 300 2.050298104211014
2.4 300 2.107087571168635
2.5 300 2.1720065666454422
2.6 300 2.2595876579492105
2.8 300 2.517241030959308
3.0 300 2.895044545392978
3.5 300 4.886412220255446
4.0 300 7.686482496434226
