0.1 700 6.421406588975091
0.2 700 5.0687382176897025
0.3 700 4.528095525157589
0.4 700 4.40242265331635
0.5 700 4.177069081037553
0.6 700 4.046485416195366
0.7 700 3.6877191030002097
0.8 700 3.5096062721115096
0.9 700 3.242174281329284
1.0 700 2.9904189842750073
1.1 700 2.8955316940504794
1.2 700 2.7193083873354142
1.3 700 2.4693809956712283
1.4 700 2.2634014348999734
1.5 700 2.125160497204311
1.6 700 2.054569096452815
1.7 700 2.0259882750097007
1.8 700 2.0111113178390507
1.9 700 1.986553327693231
2.0 700 1.9752918084334188
2.1 700 1.970829991737657
2.2 700 1.970108754691613
2.3 700 1.9689039475848813
2.4 700 1.96633180610577
2.5 700 1.9659495340024664
2.6 700 1.9713014454057183
2.8 700 1.9916822128532565
3.0 700 2.050076942185089
3.5 700 2.4359402294186765
4.0 700 3.473124294780201
