0.1 300 11.86704503760076
0.2 300 5.971316359399096
0.3 300 4.274584267639053
0.4 300 4.199391644167415
0.5 300 4.284435677622557
0.6 300 4.528090077076438
0.7 300 4.638459452515599
0.8 300 4.7032527226112215
0.9 300 4.890772874005317
1.0 300 5.341761603469074
1.1 300 5.522261440084691
1.2 300 5.472227662017155
1.3 300 5.798089731270664
1.4 300 6.470813883140109
1.5 300 6.684761818808142
1.6 300 6.871808572710994
1.7 300 7.1562365302082505
1.8 300 7.365848988875307
1.9 300 7.646668891973275
2.0 300 7.874819792933506
2.1 300 8.108998884878542
2.2 300 8.535705904817426
2.3 300 9.004063458298768
2.4 300 9.445385826298436
2.5 300 10.072823492398872
2.6 300 11.491327989504518
2.8 300 12.899295985169223
3.0 300 14.250040921429758
3.5 300 18.73704367403577
4.0 300 25.53675507700532
