0.1 500 152.46089825848304
0.2 500 59.89154251442623
0.3 500 46.38285628669101
0.4 500 46.629122903061216
0.5 500 46.61430083917981
0.6 500 49.76797600582693
0.7 500 52.24786710059202
0.8 500 56.84032426582143
0.9 500 60.705052209146714
1.0 500 63.0343980553375
1.1 500 65.81122363687687
1.2 500 68.03348901293685
1.3 500 69.89629425527099
1.4 500 73.60335779043287
1.5 500 76.59799583510143
1.6 500 79.83211081863095
1.7 500 82.91716645512258
1.8 500 85.96127256017387
1.9 500 88.79197699316082
2.0 500 92.33648134064305
2.1 500 96.55313428428154
2.2 500 99.09650659786773
2.3 500 100.56122213346471
2.4 500 103.52527096501508
2.5 500 111.09266415961139
2.6 500 122.57264984282948
2.8 500 137.61462735527022
3.0 500 138.3025827069572
3.5 500 154.94101882447356
4.0 500 297.51000711297735
