0.1 400 12.83701554905184
0.2 400 8.204392586203888
0.3 400 4.795483820903081
0.4 400 4.54535293571019
0.5 400 4.581642595160907
0.6 400 4.787972643919182
0.7 400 4.997914784000057
0.8 400 5.267623085781716
0.9 400 5.297756276846728
1.0 400 5.5190213544443045
1.1 400 6.049160497109255
1.2 400 6.109879496447281
1.3 400 6.143564368194435
1.4 400 6.322827554291189
1.5 400 7.434101429291718
1.6 400 7.494831239920196
1.7 400 7.515328775878253
1.8 400 7.560946659924876
1.9 400 7.660452392714842
2.0 400 7.805889004368548
2.1 400 8.100834211188213
2.2 400 8.499385928245163
2.3 400 8.954797646681591
2.4 400 10.598533596650288
2.5 400 11.31725096959539
2.6 400 11.74000564669816
2.8 400 13.098654974694563
3.0 400 14.217185603764086
3.5 400 17.97203522603744
4.0 400 23.17666214163356
