0.1 500 7.430429777769932
0.2 500 5.472370411178481
0.3 500 4.814287852843769
0.4 500 4.551109391078939
0.5 500 4.354704013409105
0.6 500 4.129812109875584
0.7 500 3.7897848934247587
0.8 500 3.4268754398284766
0.9 500 3.1460932011228224
1.0 500 2.959446056083291
1.1 500 2.7124441820411045
1.2 500 2.4856323465691585
1.3 500 2.3124567503176485
1.4 500 2.1980055385230934
1.5 500 2.1186625785608997
1.6 500 2.059128042002837
1.7 500 1.994217006495239
1.8 500 1.954939913327955
1.9 500 1.9204284366225242
2.0 500 1.9191152731772645
2.1 500 1.925553275092599
2.2 500 1.9339573615621664
2.3 500 1.934325360090883
2.4 500 1.9312903630606346
2.5 500 1.9386403006366033
2.6 500 1.9480334661758514
2.8 500 1.969268958683288
3.0 500 2.059876159599153
3.5 500 2.7573576939877875
4.0 500 4.694204889949298
