0.1 500 11.61305440191968
0.2 500 4.7909018415495535
0.3 500 4.391236034809066
0.4 500 4.59462844391991
0.5 500 4.908740922699842
0.6 500 5.228113471855548
0.7 500 5.392781734839815
0.8 500 5.66023532916706
0.9 500 5.882045221727853
1.0 500 6.363318404457914
1.1 500 6.690057242894789
1.2 500 7.330232992217139
1.3 500 7.805148361900985
1.4 500 8.106535310593218
1.5 500 8.222533400898369
1.6 500 8.25941183773944
1.7 500 8.289232557462778
1.8 500 8.318382177542825
1.9 500 8.430292683569975
2.0 500 8.523221348997124
2.1 500 8.673602696192697
2.2 500 8.900567795270451
2.3 500 9.235469515880819
2.4 500 9.625363343687095
2.5 500 10.184167795008838
2.6 500 12.247936185162558
2.8 500 13.720049708371885
3.0 500 14.948741413042654
3.5 500 18.010918437854627
4.0 500 22.6912547278365
