0.1 500 6.732487329651324
0.2 500 4.447800082895881
0.3 500 3.751808302017541
0.4 500 3.6771263896484387
0.5 500 3.6393966044182555
0.6 500 3.575640594164937
0.7 500 3.3854867427049937
0.8 500 3.1397505516157143
0.9 500 2.9337339162362293
1.0 500 2.786585592882034
1.1 500 2.5912806091779865
1.2 500 2.392580548862302
1.3 500 2.2485672434472184
1.4 500 2.1549282476711356
1.5 500 2.0997544308737535
1.6 500 2.053590961924003
1.7 500 1.9965778671458179
1.8 500 1.9529949901345904
1.9 500 1.9252086587462705
2.0 500 1.9213029705877944
2.1 500 1.9278015530919617
2.2 500 1.9362977033667355
2.3 500 1.932650066307619
2.4 500 1.9290313433384887
2.5 500 1.9408974627269666
2.6 500 1.947401009916639
2.8 500 1.9796027797322582
3.0 500 2.061712089202219
3.5 500 2.7587344641180067
4.0 500 4.696551148391381
