0.1 700 8.926792580259177
0.2 700 4.577992208427683
0.3 700 4.68547698181062
0.4 700 5.2632724491688645
0.5 700 5.924449741457041
0.6 700 6.173927920445756
0.7 700 6.520223733953462
0.8 700 6.963074761935236
0.9 700 6.993319539101467
1.0 700 7.4826327157375045
1.1 700 7.984668461724512
1.2 700 8.145267788987548
1.3 700 8.282517514771186
1.4 700 8.46844556233174
1.5 700 8.696763072573757
1.6 700 8.778885492421225
1.7 700 8.747360762081003
1.8 700 8.729745581223069
1.9 700 8.779846557846287
2.0 700 8.903169794226148
2.1 700 9.1561959152063
2.2 700 9.541304415567481
2.3 700 10.03592354547917
2.4 700 10.617283936932246
2.5 700 11.275661242324778
2.6 700 11.740856474193418
2.8 700 12.792591782356622
3.0 700 14.376217340740261
3.5 700 18.67923128085512
4.0 700 24.43174327353787
