0.1 700 79.72747544000727
0.2 700 47.576568308310826
0.3 700 48.95946007367012
0.4 700 52.05977801227155
0.5 700 53.83020643786013
0.6 700 59.735734149367595
0.7 700 66.2289231784915
0.8 700 70.2807472486546
0.9 700 73.97451354574183
1.0 700 75.7081860722989
1.1 700 78.94636539803565
1.2 700 82.21357303510034
1.3 700 85.1941023584562
1.4 700 87.80168751966094
1.5 700 91.64842008334844
1.6 700 96.69058213414174
1.7 700 99.37891716135226
1.8 700 103.70665882112479
1.9 700 114.84817920573046
2.0 700 127.35989169888822
2.1 700 133.6484472406126
2.2 700 135.58970645181546
2.3 700 136.23668527894355
2.4 700 137.3704069670281
2.5 700 140.38355071444175
2.6 700 149.5787442160197
2.8 700 208.9272423574386
3.0 700 289.1756826717811
3.5 700 488.08384397986066
4.0 700 604.0966699922798
