0.1 600 6.377375509188351
0.2 600 4.179778776366253
0.3 600 3.6031856072369135
0.4 600 3.6665358971389597
0.5 600 3.734502376795726
0.6 600 3.6181980288164306
0.7 600 3.375263442429126
0.8 600 3.225242356357509
0.9 600 2.984023735505214
1.0 600 2.8632667559051668
1.1 600 2.7361401972886945
1.2 600 2.5445554613710724
1.3 600 2.3426547102458546
1.4 600 2.1863637515578564
1.5 600 2.085442872762908
1.6 600 2.041351637035834
1.7 600 2.018664727840484
1.8 600 1.9881460100747346
1.9 600 1.9648349934753153
2.0 600 1.9675006451297568
2.1 600 1.9971004097987965
2.2 600 2.0007045110330233
2.3 600 2.000539504899761
2.4 600 2.00148435823124
2.5 600 2.004708286917248
2.6 600 2.0091054655802782
2.8 600 2.0173633066335084
3.0 600 2.0732381508821534
3.5 600 2.5598418430567644
4.0 600 3.8723702315067987
