0.1 300 9.449449653984987
0.2 300 6.252680191173192
0.3 300 5.670999805782673
0.4 300 5.216329990648546
0.5 300 4.6802289207844066
0.6 300 4.49427814340766
0.7 300 4.12830856235736
0.8 300 3.7454170498970045
0.9 300 3.357710675615866
1.0 300 3.0069254403392667
1.1 300 2.672168833319817
1.2 300 2.415195880446824
1.3 300 2.2712490984229587
1.4 300 2.1942035369657287
1.5 300 2.116911854905576
1.6 300 2.0574690596581684
1.7 300 2.0110427138672518
1.8 300 1.9635876638618825
1.9 300 1.956670597471419
2.0 300 1.9535540517749423
2.1 300 1.9664035187251419
2.2 300 2.0011815984241386
2.3 300 2.050298093362362
2.4 300 2.1070875457674005
2.5 300 2.1720065744185955
2.6 300 2.2595876498039735
2.8 300 2.5172410893660278
3.0 300 2.8950445597064234
3.5 300 4.8864119997077955
4.0 300 7.686482446652137
