0.1 300 194.62404723456768
0.2 300 85.32781851211462
0.3 300 51.33036705524451
0.4 300 48.60170666506269
0.5 300 53.085413015521205
0.6 300 58.84164403764417
0.7 300 64.41832418155711
0.8 300 67.53195776180219
0.9 300 71.91167172960931
1.0 300 79.0372138419794
1.1 300 85.44252146259596
1.2 300 90.43511841317518
1.3 300 97.31950616502598
1.4 300 101.84366137289017
1.5 300 106.94473507580925
1.6 300 123.10745782729714
1.7 300 138.93114058819845
1.8 300 142.5698704376723
1.9 300 142.2525940878031
2.0 300 143.6376860795604
2.1 300 152.25819371366003
2.2 300 176.1099311942294
2.3 300 217.75062441983613
2.4 300 264.2192188837833
2.5 300 300.4173054288863
2.6 300 326.2502331298596
2.8 300 363.09567129122405
3.0 300 395.69835698603583
3.5 300 495.6998762403544
4.0 300 624.1094560975077
