0.1 600 30.137391038013927
0.2 600 24.836916550099534
0.3 600 16.67754338406037
0.4 600 10.399519305771486
0.5 600 7.7901703278251535
0.6 600 7.922560012904179
0.7 600 8.674185984043811
0.8 600 8.91880425175303
0.9 600 8.85089299742953
1.0 600 8.875435668547295
1.1 600 9.015459938082342
1.2 600 9.210897224722117
1.3 600 9.351958869217272
1.4 600 9.211669903800237
1.5 600 9.414283925804277
1.6 600 9.685741830429109
1.7 600 9.721405869668223
1.8 600 10.014360095864422
1.9 600 10.39671604767441
2.0 600 10.50859934267828
2.1 600 11.024715282353236
2.2 600 11.538764005018178
2.3 600 11.670589594689137
2.4 600 11.845077067875534
2.5 600 12.118756999358451
2.6 600 12.517248862985713
2.8 600 13.485947914519711
3.0 600 14.962809953152192
3.5 600 21.253037114313795
4.0 600 26.59493863271233
