0.1 600 11.67434110781508
0.2 600 5.882288467848399
0.3 600 4.539832183794652
0.4 600 3.643548959365031
0.5 600 3.381308979977944
0.6 600 3.3746776517577204
0.7 600 3.3540595309635766
0.8 600 3.3334219427334046
0.9 600 3.248836058796572
1.0 600 3.0616334136598944
1.1 600 2.9549250672095524
1.2 600 2.834502803214319
1.3 600 2.6670402257764847
1.4 600 2.555382913786459
1.5 600 2.5079979878394143
1.6 600 2.421914857639125
1.7 600 2.3210913678716207
1.8 600 2.2306411509044803
1.9 600 2.1329624627441137
2.0 600 2.0383966739257398
2.1 600 1.9869335771369878
2.2 600 1.9588405895041587
2.3 600 1.942793911224909
2.4 600 1.9257411722235918
2.5 600 1.9185677055601054
2.6 600 1.9064467177991198
2.8 600 1.9156071139707096
3.0 600 1.9600727166267573
3.5 600 1.9719594286899096
4.0 600 2.0086977236862156
