0.1 400 13.44295573858009
0.2 400 6.740611974146052
0.3 400 4.986632467196912
0.4 400 3.9958762607472584
0.5 400 3.5375280894175747
0.6 400 3.2302638276343902
0.7 400 3.0177702578470824
0.8 400 2.731630890580505
0.9 400 2.5132003030256613
1.0 400 2.3613638380581983
1.1 400 2.2006890022112238
1.2 400 2.0348695433816104
1.3 400 1.918073699647863
1.4 400 1.7961841684656077
1.5 400 1.7264789453093976
1.6 400 1.6961139090501707
1.7 400 1.6860883082928793
1.8 400 1.6834362341337574
1.9 400 1.6998852657508146
2.0 400 1.7262037723618249
2.1 400 1.7535141475237332
2.2 400 1.7697942843969836
2.3 400 1.7844144391301524
2.4 400 1.8003712043687918
2.5 400 1.8178254936465785
2.6 400 1.8309913923135996
2.8 400 1.8744379519912864
3.0 400 2.0455348293734845
3.5 400 3.3824221002480046
4.0 400 5.179743622388755
