0.1 400 19.453380942656963
0.2 400 13.912222475259382
0.3 400 6.961173793439056
0.4 400 5.17978164570054
0.5 400 5.007458906832157
0.6 400 5.1671285765240205
0.7 400 5.285991448547482
0.8 400 5.56313463774262
0.9 400 5.766375118554553
1.0 400 6.180352479683805
1.1 400 6.4989497050125085
1.2 400 6.565233419577719
1.3 400 6.709402637242773
1.4 400 6.887079424502511
1.5 400 7.74140023437503
1.6 400 7.767278757437031
1.7 400 7.785504610151608
1.8 400 7.811173390741453
1.9 400 7.800854849328072
2.0 400 7.9965381969391265
2.1 400 8.26543494258216
2.2 400 8.594540880498412
2.3 400 10.231480116931415
2.4 400 10.93616833358707
2.5 400 11.341068889688135
2.6 400 11.763576968544761
2.8 400 13.13012885643641
3.0 400 14.254653219020348
3.5 400 18.084472029502752
4.0 400 23.17252798245669
