0.1 300 12.073372215183069
0.2 300 6.122535219425603
0.3 300 4.957906646139264
0.4 300 4.000007617065273
0.5 300 3.715284220664856
0.6 300 3.2447469255175196
0.7 300 2.921534351847861
0.8 300 2.6722125887366177
0.9 300 2.5170840480027548
1.0 300 2.3269582793515524
1.1 300 2.106619108333709
1.2 300 1.9200865359526404
1.3 300 1.8138383288287792
1.4 300 1.770984588594362
1.5 300 1.7820730927791086
1.6 300 1.7926230614832925
1.7 300 1.7871686406087373
1.8 300 1.798200920513331
1.9 300 1.8221786484818183
2.0 300 1.8339573406955787
2.1 300 1.847831438622283
2.2 300 1.8724315683437276
2.3 300 1.905243465324429
2.4 300 1.9371234625348757
2.5 300 1.9813235014575254
2.6 300 2.0474700770747623
2.8 300 2.3128794754241087
3.0 300 2.780121550917057
3.5 300 4.648655920780799
4.0 300 7.526344855249019
