0.1 600 12.294436926811143
0.2 600 5.982933398939045
0.3 600 4.266058463889129
0.4 600 3.5741231713495725
0.5 600 3.2580696589361664
0.6 600 3.0926041199260825
0.7 600 2.948141792703138
0.8 600 2.781754081172835
0.9 600 2.579614577917785
1.0 600 2.3778988047916116
1.1 600 2.2099726892852716
1.2 600 2.111582263200042
1.3 600 1.991361375821786
1.4 600 1.8617107551370815
1.5 600 1.773412923754743
1.6 600 1.7159480953982935
1.7 600 1.7223122803655975
1.8 600 1.7217895189091095
1.9 600 1.7039077315091846
2.0 600 1.7091183601600504
2.1 600 1.7518766968101105
2.2 600 1.789094678128607
2.3 600 1.8134577172730666
2.4 600 1.8355976675809527
2.5 600 1.8586369459416419
2.6 600 1.8884002957959192
2.8 600 1.9251946669715863
3.0 600 1.9924604132762442
3.5 600 2.5292748108191936
4.0 600 3.9799781111902344
