0.1 600 29.075825011668286
0.2 600 22.166204460871516
0.3 600 13.141790763259493
0.4 600 8.175648897779169
0.5 600 7.0044979061371535
0.6 600 8.257404781609674
0.7 600 8.384539203230142
0.8 600 8.564943333664282
0.9 600 8.428198326840203
1.0 600 8.579143996170828
1.1 600 8.954871226769272
1.2 600 8.879020006618957
1.3 600 8.980029714519414
1.4 600 9.15186547480046
1.5 600 9.142649689818208
1.6 600 9.311774089312008
1.7 600 9.336387134236672
1.8 600 9.176065887518462
1.9 600 9.188331021452111
2.0 600 9.301595419652584
2.1 600 9.616286127662482
2.2 600 9.903562388738594
2.3 600 10.886573365819357
2.4 600 11.140225841351826
2.5 600 11.514260049187437
2.6 600 12.008511833478382
2.8 600 13.275740961928154
3.0 600 15.051740437348545
3.5 600 19.413941786567417
4.0 600 24.70553323913436
