0.1 400 168.63896404078642
0.2 400 69.10326846078762
0.3 400 47.72797113170428
0.4 400 43.87668385224668
0.5 400 45.40407783811064
0.6 400 48.74862220087087
0.7 400 52.89074498272607
0.8 400 57.70576064687158
0.9 400 58.34299457323636
1.0 400 62.69958001073721
1.1 400 66.0497767795063
1.2 400 67.2701245552177
1.3 400 70.9119224679078
1.4 400 74.87502734744324
1.5 400 78.53190141841361
1.6 400 81.4174479363836
1.7 400 85.25540056080628
1.8 400 89.1223648945895
1.9 400 93.39536406063843
2.0 400 97.6583501283991
2.1 400 99.96834661513302
2.2 400 101.29112782696463
2.3 400 104.29034725467247
2.4 400 111.8225313910172
2.5 400 124.12525033507686
2.6 400 134.89498503520304
2.8 400 140.44535465304978
3.0 400 139.58385656685005
3.5 400 203.73182841578085
4.0 400 341.6442475775339
