0.1 500 34.98911698386434
0.2 500 28.206406780232243
0.3 500 24.304025236277944
0.4 500 19.916605963908733
0.5 500 14.557627536211363
0.6 500 10.58381204003874
0.7 500 8.220563656279477
0.8 500 7.478384193206633
0.9 500 7.21803497072241
1.0 500 7.83982547447121
1.1 500 8.551631988683495
1.2 500 8.53950438941154
1.3 500 8.439361559408853
1.4 500 8.369257918580569
1.5 500 8.581544586517674
1.6 500 8.77714487799859
1.7 500 8.886986041016797
1.8 500 8.986728859337097
1.9 500 8.842271328866703
2.0 500 8.99643580636112
2.1 500 9.20856375196274
2.2 500 9.19282950734743
2.3 500 9.398847911779429
2.4 500 9.609022329211532
2.5 500 9.845654905221483
2.6 500 9.846935390946053
2.8 500 10.46234735078333
3.0 500 10.87590457868448
3.5 500 12.271708393370885
4.0 500 14.107093389911538
