0.1 700 6.0796322747106
0.2 700 4.52747768058377
0.3 700 4.120722453285749
0.4 700 4.182133939915678
0.5 700 4.080715757464957
0.6 700 3.991867131066044
0.7 700 3.659490365733066
0.8 700 3.492324383658834
0.9 700 3.2317932008542773
1.0 700 2.984814423460358
1.1 700 2.891699983631438
1.2 700 2.7171163344544986
1.3 700 2.4677165275999213
1.4 700 2.2626034086407874
1.5 700 2.1246768225844845
1.6 700 2.0544151359512477
1.7 700 2.0259676725395384
1.8 700 2.0111456229381157
1.9 700 1.9865891574147119
2.0 700 1.9753150722039663
2.1 700 1.970840819900721
2.2 700 1.9701118988278425
2.3 700 1.9689038264842686
2.4 700 1.9663305104632853
2.5 700 1.96594805666069
2.6 700 1.9713006418909678
2.8 700 1.9916825165953842
3.0 700 2.0500754954522864
3.5 700 2.4359236705556966
4.0 700 3.4731260107527118
