0.1 600 113.48656360175845
0.2 600 50.888335174677664
0.3 600 49.2488816288464
0.4 600 51.72842563487557
0.5 600 54.45823453383552
0.6 600 59.72204655195956
0.7 600 65.01467183376893
0.8 600 68.09105878063305
0.9 600 71.25823388494784
1.0 600 73.50819499355235
1.1 600 78.92571247914769
1.2 600 82.40363614388558
1.3 600 85.31403060889842
1.4 600 88.75740502276936
1.5 600 93.92479916715669
1.6 600 97.83680555621585
1.7 600 100.15648137864191
1.8 600 106.7019159822363
1.9 600 120.43396002640921
2.0 600 131.6959017746051
2.1 600 135.66936057079994
2.2 600 136.55820465899595
2.3 600 137.04953454069454
2.4 600 139.22382562063441
2.5 600 146.9830687467155
2.6 600 167.66996817742714
2.8 600 248.6993299603826
3.0 600 333.5295192333958
3.5 600 490.36286923156956
4.0 600 604.0288515743792
