0.1 700 27.731980648861953
0.2 700 19.927226594881816
0.3 700 13.480212760600892
0.4 700 9.153354983590459
0.5 700 8.084396209089109
0.6 700 8.97642841368485
0.7 700 8.971773486476682
0.8 700 8.984280805029165
0.9 700 9.070570624069239
1.0 700 8.954246483055828
1.1 700 9.05995336096194
1.2 700 9.217971912029705
1.3 700 9.293838788807424
1.4 700 9.367423648766305
1.5 700 9.226604069563741
1.6 700 9.42070494167825
1.7 700 9.441700453220626
1.8 700 9.699540859124074
1.9 700 10.02748299036249
2.0 700 10.460421036482934
2.1 700 10.574950614007781
2.2 700 11.03623380864464
2.3 700 11.160576383863267
2.4 700 11.324943729164877
2.5 700 11.554296968388476
2.6 700 11.995510380483367
2.8 700 13.412649599805977
3.0 700 15.122294259571587
3.5 700 20.481409188641372
4.0 700 25.031805125208173
