0.1 600 6.528583962680177
0.2 600 4.323560589543621
0.3 600 3.869867046568308
0.4 600 3.9810416282963716
0.5 600 3.989798620812459
0.6 600 3.851542594666319
0.7 600 3.5712520147069635
0.8 600 3.398287085900993
0.9 600 3.1206637923766185
1.0 600 2.983053318713732
1.1 600 2.842092871623354
1.2 600 2.6123994502572576
1.3 600 2.3898872151793014
1.4 600 2.2267695858986563
1.5 600 2.119253891478426
1.6 600 2.052137476951154
1.7 600 2.0218252371683865
1.8 600 1.9837336854670267
1.9 600 1.96251752452444
2.0 600 1.9683041926726446
2.1 600 1.9987529419749686
2.2 600 2.003710691454207
2.3 600 2.0048059065569994
2.4 600 2.0066973098620657
2.5 600 2.0098373590491216
2.6 600 2.01498733168961
2.8 600 2.0192405072755806
3.0 600 2.0731659008916306
3.5 600 2.557937924871827
4.0 600 3.8720937129975397
