0.1 500 12.717158450648434
0.2 500 6.141579085310541
0.3 500 4.620220751993105
0.4 500 3.7359566255983654
0.5 500 3.346738212807113
0.6 500 3.082011664516507
0.7 500 2.931424677114264
0.8 500 2.7058176992289016
0.9 500 2.4957573751211917
1.0 500 2.3053345879521827
1.1 500 2.1506053911415144
1.2 500 2.0707572909595813
1.3 500 1.9772599797120995
1.4 500 1.8738922175694588
1.5 500 1.7918766102891537
1.6 500 1.7356244465768893
1.7 500 1.7185684407081052
1.8 500 1.7032740945192846
1.9 500 1.702687121601532
2.0 500 1.714307555470254
2.1 500 1.7373919684730845
2.2 500 1.766292439909092
2.3 500 1.782741787527932
2.4 500 1.7924230862339556
2.5 500 1.807831355062127
2.6 500 1.8305154309788372
2.8 500 1.8810483795074733
3.0 500 1.9840016931437927
3.5 500 2.8240604506526537
4.0 500 4.315898969315029
