0.1 500 7.0912198935713775
0.2 500 4.582548974312507
0.3 500 3.4945899179156856
0.4 500 3.280138681336899
0.5 500 3.186504054607179
0.6 500 3.1313476474849677
0.7 500 2.9211793221454547
0.8 500 2.7374329231464802
0.9 500 2.5328158741880697
1.0 500 2.4246152640533243
1.1 500 2.297897651922033
1.2 500 2.18088366356381
1.3 500 2.0611729165469406
1.4 500 1.9943885737275742
1.5 500 1.9672150157972106
1.6 500 1.9360762791651374
1.7 500 1.9069615817109322
1.8 500 1.8973122575019412
1.9 500 1.9024784226517626
2.0 500 1.9282987190523522
2.1 500 1.943449649206005
2.2 500 1.9353863237106084
2.3 500 1.9325635881900962
2.4 500 1.9192329122718756
2.5 500 1.9165009898752567
2.6 500 1.9281943797222152
2.8 500 2.0234886887321606
3.0 500 2.085073086618346
3.5 500 2.842960583927505
4.0 500 4.703448788231744
