0.1 300 13.141389917105155
0.2 300 10.110947876504133
0.3 300 5.245573203410266
0.4 300 4.441013695534022
0.5 300 4.449682307481334
0.6 300 4.600594109495884
0.7 300 4.679935882075283
0.8 300 4.701353633864436
0.9 300 4.9081421212995595
1.0 300 5.372427573786527
1.1 300 5.555369358033952
1.2 300 5.502731329884619
1.3 300 5.820623766235882
1.4 300 6.484718225160896
1.5 300 6.699158913706618
1.6 300 6.887597171486603
1.7 300 7.168191108458039
1.8 300 7.374077845034801
1.9 300 7.653899643677231
2.0 300 7.880450533340192
2.1 300 8.113246266458466
2.2 300 8.536668768715463
2.3 300 9.00438500262694
2.4 300 9.445966836278673
2.5 300 10.073222475957065
2.6 300 11.489425228557186
2.8 300 12.898380778508038
3.0 300 14.250295779184711
3.5 300 18.737475375360567
4.0 300 25.537281885062615
