0.1 700 58.1252128968585
0.2 700 46.06153184791881
0.3 700 47.915125504443424
0.4 700 52.52616798947788
0.5 700 54.19148193377687
0.6 700 59.96370177141262
0.7 700 66.27937994894963
0.8 700 70.28332186087663
0.9 700 73.95664944078587
1.0 700 75.69614624112967
1.1 700 78.94283913446593
1.2 700 82.21523075460014
1.3 700 85.19439771172462
1.4 700 87.8019667510423
1.5 700 91.64821792632434
1.6 700 96.69055689753274
1.7 700 99.37920962766773
1.8 700 103.70677208184817
1.9 700 114.84795395131958
2.0 700 127.36019394658871
2.1 700 133.64877480942954
2.2 700 135.59026686134794
2.3 700 136.23690373389184
2.4 700 137.3703043654114
2.5 700 140.38299390917183
2.6 700 149.57927065688375
2.8 700 208.92662691124482
3.0 700 289.1745481730564
3.5 700 488.08427080081884
4.0 700 604.0035907033504
