0.1 500 27.994325719795484
0.2 500 20.889730426172953
0.3 500 15.470461783369949
0.4 500 9.192849823387547
0.5 500 7.496518987594964
0.6 500 8.138063270696207
0.7 500 8.320974649550193
0.8 500 8.392410460385621
0.9 500 8.186547380240972
1.0 500 8.370957923596508
1.1 500 8.584428328308986
1.2 500 8.693783948072
1.3 500 8.648860990538221
1.4 500 8.890364439005548
1.5 500 9.124735081641003
1.6 500 9.161449993910828
1.7 500 9.364975413025222
1.8 500 9.702760075340688
1.9 500 9.573970392640941
2.0 500 9.444108407838467
2.1 500 9.744119356270378
2.2 500 10.73497642479313
2.3 500 11.306898121690015
2.4 500 11.597765000673048
2.5 500 11.998733984912015
2.6 500 12.808224919764
2.8 500 14.460154315624976
3.0 500 16.486395627678107
3.5 500 21.956010148724154
4.0 500 25.191839297898127
