0.1 700 6.404888540697395
0.2 700 5.0625514513866285
0.3 700 4.527464674282709
0.4 700 4.402316758743913
0.5 700 4.177058504243039
0.6 700 4.04648347529113
0.7 700 3.6877187294916265
0.8 700 3.509606205283188
0.9 700 3.242174270278595
1.0 700 2.990418982667785
1.1 700 2.895531693730478
1.2 700 2.719308387347591
1.3 700 2.4693809954419867
1.4 700 2.2634014360378503
1.5 700 2.125160496433418
1.6 700 2.0545690994138046
1.7 700 2.0259882825896978
1.8 700 2.011111327164541
1.9 700 1.9865533229502452
2.0 700 1.9752918031324163
2.1 700 1.970829991737657
2.2 700 1.970108754691613
2.3 700 1.9689039475848813
2.4 700 1.96633180610577
2.5 700 1.9659495340024664
2.6 700 1.9713014454057183
2.8 700 1.9916822128532565
3.0 700 2.050076942185089
3.5 700 2.4359402294186765
4.0 700 3.473124294780201
