0.1 500 32.27313399354424
0.2 500 26.569123802613372
0.3 500 22.488156559366935
0.4 500 17.091505272911693
0.5 500 12.484453157281296
0.6 500 10.136861168516159
0.7 500 9.120499465218405
0.8 500 9.97924199093072
0.9 500 9.832958782346292
1.0 500 9.587287497520661
1.1 500 9.500256123960469
1.2 500 9.264845761564802
1.3 500 9.407270728654181
1.4 500 9.48621898593568
1.5 500 9.417126264015268
1.6 500 9.689863986213728
1.7 500 10.008043377144652
1.8 500 10.077607470931527
1.9 500 10.602738932393088
2.0 500 11.248724544481094
2.1 500 11.95651357500459
2.2 500 12.630275894858325
2.3 500 12.862291785886121
2.4 500 13.618374787718901
2.5 500 13.998530090248702
2.6 500 14.470818966746661
2.8 500 15.699691789866275
3.0 500 17.44086296074747
3.5 500 21.928796847941378
4.0 500 26.945099879750806
