0.1 600 14.500775254967287
0.2 600 6.862179107828722
0.3 600 4.809126679549637
0.4 600 5.113095377963897
0.5 600 5.59798794430376
0.6 600 5.856483906972787
0.7 600 6.281040755615777
0.8 600 6.324367911319079
0.9 600 6.487146882634521
1.0 600 6.8659061848369145
1.1 600 7.481618579964738
1.2 600 7.783526169369969
1.3 600 8.169163362351549
1.4 600 8.377534401391195
1.5 600 8.596746333835092
1.6 600 8.616365580921983
1.7 600 8.514903383945814
1.8 600 8.491058904961694
1.9 600 8.56415290655835
2.0 600 8.64372893672129
2.1 600 8.825788921841328
2.2 600 9.181175589129106
2.3 600 9.690097370129173
2.4 600 10.417357437056278
2.5 600 10.99843497492595
2.6 600 11.931780967311802
2.8 600 12.854936964766447
3.0 600 14.51463118462089
3.5 600 18.56887003285352
4.0 600 23.331922937868704
