0.1 600 8.202184723451046
0.2 600 4.727204679322013
0.3 600 3.4038703175018545
0.4 600 3.181172950112485
0.5 600 3.1559773160596185
0.6 600 3.133205802138984
0.7 600 2.9096189489535242
0.8 600 2.7366094103340273
0.9 600 2.538786812415067
1.0 600 2.3590258721278667
1.1 600 2.2937610959404044
1.2 600 2.159567435103727
1.3 600 2.033550534686274
1.4 600 1.9221654416847547
1.5 600 1.8517313887942564
1.6 600 1.8432013060991075
1.7 600 1.8328414795343608
1.8 600 1.8143979241503738
1.9 600 1.8241997331167037
2.0 600 1.8590632061954482
2.1 600 1.8957326640500738
2.2 600 1.9088699538891731
2.3 600 1.9250073660194988
2.4 600 1.9332995504581578
2.5 600 1.9467770369233166
2.6 600 1.9621770276238975
2.8 600 1.984383145077434
3.0 600 2.0284387852869896
3.5 600 2.7751178255058835
4.0 600 4.014940027038228
