0.1 600 82.53440561458751
0.2 600 46.716621529227865
0.3 600 48.577518290325905
0.4 600 50.638008117685665
0.5 600 54.25895030999103
0.6 600 59.190909114898645
0.7 600 64.26100841006686
0.8 600 67.36410485858602
0.9 600 70.56264001519648
1.0 600 73.24833986998887
1.1 600 78.93672085029282
1.2 600 82.42622210262698
1.3 600 85.33358780021715
1.4 600 88.7708801153912
1.5 600 93.92737886706374
1.6 600 97.82852950354608
1.7 600 100.14764684613795
1.8 600 106.70379924563709
1.9 600 120.44448510123284
2.0 600 131.7012363874259
2.1 600 135.67043936063382
2.2 600 136.55466941454748
2.3 600 137.04381156313576
2.4 600 139.21775502772965
2.5 600 146.97905194632867
2.6 600 167.66946715337718
2.8 600 248.70239076556544
3.0 600 333.5291861856315
3.5 600 490.3620227096233
4.0 600 604.030340034989
