0.1 500 63.05329070131681
0.2 500 45.13377964877299
0.3 500 46.299611559437544
0.4 500 48.467078575404365
0.5 500 53.42669539421515
0.6 500 59.29896013420502
0.7 500 62.985225524789236
0.8 500 67.1830724937448
0.9 500 69.36431673225479
1.0 500 74.53068056163532
1.1 500 78.94788931659075
1.2 500 83.37086314068335
1.3 500 87.54959021865744
1.4 500 92.33557741131754
1.5 500 97.88009072821511
1.6 500 100.34962288804174
1.7 500 105.13181685601307
1.8 500 119.09561346344869
1.9 500 133.78654614791628
2.0 500 138.47568620877738
2.1 500 138.30270141215402
2.2 500 137.88758109331843
2.3 500 139.28228384172843
2.4 500 146.5412541502914
2.5 500 167.56530596032565
2.6 500 206.8986547540279
2.8 500 297.5099013037271
3.0 500 371.1683825106333
3.5 500 491.29658044175005
4.0 500 604.4399153829617
