0.1 700 103.27150003380216
0.2 700 49.26227086359526
0.3 700 51.47769330621893
0.4 700 53.830846195799616
0.5 700 54.22278200832941
0.6 700 60.4345216416171
0.7 700 66.12199943825883
0.8 700 71.19577013191305
0.9 700 74.26847089443773
1.0 700 75.97112672587923
1.1 700 79.02069124474642
1.2 700 82.1846844516847
1.3 700 85.18454945732573
1.4 700 87.79430796351876
1.5 700 91.64435390742324
1.6 700 96.69467818941126
1.7 700 99.38506289886486
1.8 700 103.70875681279068
1.9 700 114.84555553711182
2.0 700 127.35840082263955
2.1 700 133.64868569458142
2.2 700 135.5932589862575
2.3 700 136.24325051735613
2.4 700 137.37705162114727
2.5 700 140.39042492595047
2.6 700 149.58297622975118
2.8 700 208.92530713804956
3.0 700 289.17431578406337
3.5 700 488.0863718009318
4.0 700 604.0949445438557
