0.1 600 8.632870971411506
0.2 600 4.696406748052954
0.3 600 3.549133230079213
0.4 600 3.394421131981725
0.5 600 3.3874734193066933
0.6 600 3.3366183470061928
0.7 600 3.08982967984482
0.8 600 2.948214495868434
0.9 600 2.721752367868764
1.0 600 2.581302517058944
1.1 600 2.4836163540196456
1.2 600 2.3374120897978687
1.3 600 2.19832615733132
1.4 600 2.062294019998868
1.5 600 1.9923178291534678
1.6 600 1.9609633659531822
1.7 600 1.938649618725972
1.8 600 1.923738654191496
1.9 600 1.9265825407064063
2.0 600 1.939930315433663
2.1 600 1.9693876993878532
2.2 600 1.977423910888564
2.3 600 1.9787254331682682
2.4 600 1.975013539838239
2.5 600 1.9839966516574792
2.6 600 1.992347250300686
2.8 600 2.01308898990227
3.0 600 2.067742458731186
3.5 600 2.587813958534089
4.0 600 3.884649859394834
