0.1 600 6.825681334353041
0.2 600 5.174163879699172
0.3 600 4.59107741775041
0.4 600 4.613801132074986
0.5 600 4.419347192209034
0.6 600 4.129766319192651
0.7 600 3.774887560628458
0.8 600 3.543266005036373
0.9 600 3.22275098036501
1.0 600 3.047527107368684
1.1 600 2.8907773573667357
1.2 600 2.645977930941317
1.3 600 2.4132735207462135
1.4 600 2.2395551272823804
1.5 600 2.1302448250925634
1.6 600 2.064604543431182
1.7 600 2.0322968072973087
1.8 600 1.9818711625120253
1.9 600 1.961398698810949
2.0 600 1.9677034870138341
2.1 600 1.9987226471812471
2.2 600 2.003800419106718
2.3 600 2.0050684664304375
2.4 600 2.0070096391686603
2.5 600 2.010173098890821
2.6 600 2.0151778751383844
2.8 600 2.0192976974220556
3.0 600 2.0730960383959536
3.5 600 2.5578534439951643
4.0 600 3.872090197850256
