0.1 700 34.51425265222851
0.2 700 28.467244669889382
0.3 700 25.164861421853377
0.4 700 18.598047026421252
0.5 700 12.80812778061977
0.6 700 9.470488274911235
0.7 700 8.28531721038934
0.8 700 8.229820099027322
0.9 700 9.077824700089023
1.0 700 9.073794940699441
1.1 700 9.054909023296737
1.2 700 9.069579849064096
1.3 700 9.162211127292677
1.4 700 9.188984594711583
1.5 700 9.09789576573673
1.6 700 9.241155249934549
1.7 700 9.1280096296482
1.8 700 9.235338673399568
1.9 700 9.318103272895373
2.0 700 9.391459907957302
2.1 700 9.479470026567336
2.2 700 9.314882684729076
2.3 700 9.460272314402538
2.4 700 9.64523377305293
2.5 700 9.863701826188143
2.6 700 9.857185285271576
2.8 700 10.373491854574574
3.0 700 11.042562146539103
3.5 700 12.272857057832075
4.0 700 13.51453039963345
