0.1 600 12.108082069599812
0.2 600 4.793200259813309
0.3 600 4.549669819249749
0.4 600 4.860449178232994
0.5 600 5.369746799792425
0.6 600 5.631625447621051
0.7 600 5.925574190383666
0.8 600 6.1149128775823
0.9 600 6.327677748378624
1.0 600 6.631280404446608
1.1 600 7.453368919662811
1.2 600 7.7717327987179115
1.3 600 8.16588424915127
1.4 600 8.37574514814546
1.5 600 8.593219382544962
1.6 600 8.514275265388084
1.7 600 8.515401914367812
1.8 600 8.491856486939126
1.9 600 8.56188503696658
2.0 600 8.637941948136996
2.1 600 8.817717680211903
2.2 600 9.167303866283632
2.3 600 9.674589207047548
2.4 600 10.403788226106483
2.5 600 10.989096869573599
2.6 600 11.922752349960566
2.8 600 12.85422527199033
3.0 600 14.51454507144935
3.5 600 18.568144970449787
4.0 600 23.33101711322915
