0.1 700 6.290587983515885
0.2 700 3.989791202698781
0.3 700 3.2045988908526115
0.4 700 3.0738271078181834
0.5 700 3.1341831246908374
0.6 700 3.1039652760746512
0.7 700 2.9311412114869997
0.8 700 2.753081897695376
0.9 700 2.6435484256830266
1.0 700 2.474820894938922
1.1 700 2.411695047419907
1.2 700 2.289412827319882
1.3 700 2.1577597687419803
1.4 700 2.041886914893746
1.5 700 1.9619851575714087
1.6 700 1.9504708224105256
1.7 700 1.9358095513665654
1.8 700 1.9110077166247772
1.9 700 1.9011839236908954
2.0 700 1.9127472148131353
2.1 700 1.9160596563858014
2.2 700 1.925661417646334
2.3 700 1.9244824517879269
2.4 700 1.9361665431231967
2.5 700 1.9426085866341147
2.6 700 1.953719002429018
2.8 700 1.9858253239482786
3.0 700 2.0347222257944027
3.5 700 2.4966864827639346
4.0 700 3.564078561791928
