0.1 400 33.9261227235976
0.2 400 27.25673904481467
0.3 400 24.285851190850263
0.4 400 18.216697242917924
0.5 400 12.057948656398086
0.6 400 9.069294196968881
0.7 400 7.942635765972741
0.8 400 7.859222953689346
0.9 400 8.442073284920701
1.0 400 8.953079499253874
1.1 400 9.108053014588288
1.2 400 9.252957734145475
1.3 400 9.401250022378958
1.4 400 9.217166825880089
1.5 400 9.439914304957595
1.6 400 9.458739241273856
1.7 400 9.831138227167086
1.8 400 9.98805336707586
1.9 400 10.212299320938435
2.0 400 10.736167364490008
2.1 400 10.366097733296263
2.2 400 10.610766078883302
2.3 400 11.093795383978831
2.4 400 13.198811370193432
2.5 400 13.637647456348256
2.6 400 14.133555399775167
2.8 400 15.593941757588997
3.0 400 16.947002980379054
3.5 400 22.56380799349953
4.0 400 27.992099572698223
