0.1 500 8.772505715540408
0.2 500 4.9370090572058745
0.3 500 3.585806492407577
0.4 500 3.257312706406129
0.5 500 3.1335655264705466
0.6 500 3.0577999200802632
0.7 500 2.865577791055904
0.8 500 2.648710969267643
0.9 500 2.4457434741723874
1.0 500 2.3168917047383313
1.1 500 2.2251140802660725
1.2 500 2.1215165220489807
1.3 500 2.012786193069593
1.4 500 1.902969727055652
1.5 500 1.877588649746452
1.6 500 1.8595343964740767
1.7 500 1.8363729411549874
1.8 500 1.8302109082651827
1.9 500 1.8448013509097387
2.0 500 1.873725175010164
2.1 500 1.897391608575667
2.2 500 1.908314162750692
2.3 500 1.8981100527793355
2.4 500 1.8875156376801305
2.5 500 1.891969782066893
2.6 500 1.8992419591176384
2.8 500 1.9584396982485572
3.0 500 2.070428657332039
3.5 500 2.9788911037047336
4.0 500 4.66525911531552
