0.1 300 13.8575043481961
0.2 300 7.990225295965892
0.3 300 5.583152029133275
0.4 300 4.838175832050897
0.5 300 4.249321530239338
0.6 300 4.107646221000538
0.7 300 3.8301839988985082
0.8 300 3.5133784763631017
0.9 300 3.327833809444015
1.0 300 3.1895776662067665
1.1 300 3.0405507533121354
1.2 300 2.91914902951015
1.3 300 2.7721955344036715
1.4 300 2.5653565111605356
1.5 300 2.3957847603184512
1.6 300 2.2380000116728986
1.7 300 2.1196775302348625
1.8 300 2.0403630768840757
1.9 300 2.0073431757507203
2.0 300 1.99800320363627
2.1 300 2.0025680809094233
2.2 300 1.9934944756216015
2.3 300 1.9758014917882463
2.4 300 1.9727738508350645
2.5 300 1.954510703963424
2.6 300 1.9261254701969042
2.8 300 1.9303857129517945
3.0 300 1.9475295606715122
3.5 300 2.1044958279267925
4.0 300 2.5083272407315933
