0.1 300 87.31714704010204
0.2 300 61.193922181313305
0.3 300 51.966816250005486
0.4 300 53.609849469426386
0.5 300 56.22219255153155
0.6 300 58.16551185549016
0.7 300 63.10008807706583
0.8 300 67.72464352638248
0.9 300 72.75334478420018
1.0 300 80.37545804434932
1.1 300 86.0485100987026
1.2 300 92.31718183480056
1.3 300 99.32652454308764
1.4 300 102.94616248508805
1.5 300 110.75160964151864
1.6 300 130.06744797136287
1.7 300 143.62137682026912
1.8 300 145.29652869883014
1.9 300 144.0529590127094
2.0 300 145.1919880601722
2.1 300 154.50161423030931
2.2 300 179.59563841923068
2.3 300 221.76922320289606
2.4 300 266.53741531236705
2.5 300 300.1988328542492
2.6 300 323.7804194054133
2.8 300 358.8227614669695
3.0 300 391.3577601210056
3.5 300 492.7901425881788
4.0 300 622.9027088114738
