0.1 600 11.560233563928817
0.2 600 4.864871775114349
0.3 600 4.587160552882956
0.4 600 4.9356063981288045
0.5 600 5.366176219800866
0.6 600 5.634531653840239
0.7 600 5.927095437331634
0.8 600 6.117650994709748
0.9 600 6.3293100603904495
1.0 600 6.630171818489905
1.1 600 7.451496274189961
1.2 600 7.769766809000737
1.3 600 8.164597879433295
1.4 600 8.374954209502993
1.5 600 8.592747164151785
1.6 600 8.513838413375982
1.7 600 8.515176470863949
1.8 600 8.491739120993723
1.9 600 8.561843555026524
2.0 600 8.63794532821358
2.1 600 8.817741335313098
2.2 600 9.167347498904881
2.3 600 9.674625466429243
2.4 600 10.403816123494332
2.5 600 10.989111655362633
2.6 600 11.922761084366542
2.8 600 12.85422609135859
3.0 600 14.514545366120162
3.5 600 18.56814541037859
4.0 600 23.331017564748
