0.1 500 9.245271920174664
0.2 500 4.960376937592058
0.3 500 3.7743421750802435
0.4 500 3.4695465194242097
0.5 500 3.315875081956057
0.6 500 3.277519424285434
0.7 500 3.0652143528684594
0.8 500 2.8680688063068573
0.9 500 2.6500962201383826
1.0 500 2.5220110336840795
1.1 500 2.393888079702021
1.2 500 2.2509586733068243
1.3 500 2.124439749805965
1.4 500 2.047879853247002
1.5 500 2.0064999017209733
1.6 500 1.9725040495117108
1.7 500 1.9416742249820353
1.8 500 1.924869733314015
1.9 500 1.9113145081214358
2.0 500 1.9140176558865778
2.1 500 1.9206002941900975
2.2 500 1.9226443938491575
2.3 500 1.9158430457046758
2.4 500 1.910212869196029
2.5 500 1.9229388859309808
2.6 500 1.939880239471704
2.8 500 1.975071978365213
3.0 500 2.065056009910417
3.5 500 2.781885415592107
4.0 500 4.701720848214931
