0.1 400 9.401434855476632
0.2 400 5.1745486920426425
0.3 400 3.850730017935054
0.4 400 3.4487401072703743
0.5 400 3.217271668615985
0.6 400 3.071995177457283
0.7 400 2.8767613944315746
0.8 400 2.6848224492956514
0.9 400 2.532987877601233
1.0 400 2.387090748320284
1.1 400 2.2014844097256656
1.2 400 2.0489526892767103
1.3 400 1.9356461142792785
1.4 400 1.8694726315989667
1.5 400 1.8433649143202206
1.6 400 1.8301459920023033
1.7 400 1.828082315260061
1.8 400 1.8429077774901692
1.9 400 1.870403823507466
2.0 400 1.8960549349544003
2.1 400 1.9035504015535838
2.2 400 1.904573827171121
2.3 400 1.906498782126026
2.4 400 1.9050290832314583
2.5 400 1.9131089208737648
2.6 400 1.9307358458110375
2.8 400 2.0380502011444057
3.0 400 2.2925623646299975
3.5 400 3.569069637189331
4.0 400 5.999985894695928
