0.1 500 8.078336506946274
0.2 500 4.686183996211217
0.3 500 3.8028139860723384
0.4 500 3.6498658409308633
0.5 500 3.5385283082307533
0.6 500 3.502220620076094
0.7 500 3.2917258448650095
0.8 500 3.065183009910168
0.9 500 2.8484007361041876
1.0 500 2.712053064958972
1.1 500 2.5375250881721962
1.2 500 2.355463071646128
1.3 500 2.2186668399894685
1.4 500 2.1333578793656724
1.5 500 2.0832430383420015
1.6 500 2.034798170135511
1.7 500 1.9886502651219562
1.8 500 1.9486124048116826
1.9 500 1.92288994165516
2.0 500 1.9198117021422876
2.1 500 1.9268609858313308
2.2 500 1.9352632338788671
2.3 500 1.9315556556637556
2.4 500 1.9278099290382933
2.5 500 1.9400356725062546
2.6 500 1.9467355751101476
2.8 500 1.9797247974804253
3.0 500 2.062007570458803
3.5 500 2.7594126421124554
4.0 500 4.6964685886205695
