0.1 700 24.92945165539775
0.2 700 17.206446367582647
0.3 700 8.482672312122473
0.4 700 6.683441012280308
0.5 700 6.899638777970914
0.6 700 8.325149967705237
0.7 700 8.362660774880093
0.8 700 8.423048361436878
0.9 700 8.584808100835792
1.0 700 8.513438873545859
1.1 700 8.788495105467659
1.2 700 8.919176548612437
1.3 700 8.746296335705063
1.4 700 8.90110179399301
1.5 700 9.07713913139639
1.6 700 9.03521438501174
1.7 700 8.973528361121751
1.8 700 9.00678707280647
1.9 700 9.126983944899761
2.0 700 9.366180580146203
2.1 700 9.824916413523088
2.2 700 10.164890410679174
2.3 700 10.841985468647291
2.4 700 10.795578858915142
2.5 700 11.249668356469819
2.6 700 12.051517933744845
2.8 700 13.22383735323235
3.0 700 14.461806710641769
3.5 700 18.493213025442053
4.0 700 23.435436478854164
