0.1 400 183.6820664272807
0.2 400 69.0678473976441
0.3 400 50.461615957585124
0.4 400 47.932184108193155
0.5 400 50.62082230847811
0.6 400 57.360828632713385
0.7 400 64.5034669787673
0.8 400 67.41976823746482
0.9 400 69.63131510439646
1.0 400 75.41541249933661
1.1 400 80.1313312221872
1.2 400 84.79349003743106
1.3 400 89.94821859560228
1.4 400 96.15132341736363
1.5 400 100.05820465070956
1.6 400 102.40248401532135
1.7 400 111.92691979261207
1.8 400 128.90575683712402
1.9 400 137.9624331039008
2.0 400 139.05282643512783
2.1 400 139.04211638887065
2.2 400 141.44235380227434
2.3 400 152.19707011605726
2.4 400 179.53596137345568
2.5 400 225.30077112333635
2.6 400 273.193998001962
2.8 400 343.8185200488984
3.0 400 391.11890770113644
3.5 400 494.5140026930872
4.0 400 607.1361893212908
