0.1 300 14.291267587867738
0.2 300 8.080530743339635
0.3 300 5.427710120516608
0.4 300 4.518834729136532
0.5 300 3.98464790440492
0.6 300 3.6690496791742966
0.7 300 3.150822953538576
0.8 300 2.817960409682384
0.9 300 2.5961012279603852
1.0 300 2.4290103654930837
1.1 300 2.2052885932489454
1.2 300 2.0202487607678123
1.3 300 1.8654387402971575
1.4 300 1.739281085002051
1.5 300 1.7087693074739654
1.6 300 1.7029563220482729
1.7 300 1.704897590549314
1.8 300 1.7168601709749653
1.9 300 1.733683126098143
2.0 300 1.746705132978931
2.1 300 1.7659788835917023
2.2 300 1.790848903217644
2.3 300 1.8172685093987273
2.4 300 1.844640695646836
2.5 300 1.8761457536225699
2.6 300 1.9199918876423951
2.8 300 2.0975196916141234
3.0 300 2.506661801805364
3.5 300 4.241234472992765
4.0 300 6.815101720678874
