0.1 300 10.979118879126172
0.2 300 5.667347161743937
0.3 300 4.595742480374115
0.4 300 4.194283125606164
0.5 300 3.8047014041027154
0.6 300 3.423122721350107
0.7 300 3.235881689975144
0.8 300 3.033197209288419
0.9 300 2.8329378599181014
1.0 300 2.5424302311698392
1.1 300 2.3066501097769883
1.2 300 2.129131071136372
1.3 300 2.0442907252241764
1.4 300 2.0229786635289946
1.5 300 2.0144210522874237
1.6 300 1.9951667313384491
1.7 300 1.9679721984435845
1.8 300 1.9364620166120743
1.9 300 1.9372888417569207
2.0 300 1.940408249050868
2.1 300 1.953926402493528
2.2 300 1.9857348486362416
2.3 300 2.032018233187702
2.4 300 2.085307478000756
2.5 300 2.1494797551720475
2.6 300 2.244355169017559
2.8 300 2.5180657790722067
3.0 300 2.896394388862235
3.5 300 4.907718927793633
4.0 300 7.704070296527623
