0.1 500 34.79644021007216
0.2 500 27.727832157655495
0.3 500 22.87010625189548
0.4 500 16.03659312496759
0.5 500 10.93999951626463
0.6 500 8.605563908032654
0.7 500 7.8663696730986095
0.8 500 8.382565414293655
0.9 500 8.93323669540979
1.0 500 8.867406318347491
1.1 500 9.0119175031925
1.2 500 9.144703303408834
1.3 500 9.105000309336765
1.4 500 9.26359570435372
1.5 500 9.500350716879678
1.6 500 9.510379515675966
1.7 500 9.826177506378272
1.8 500 9.935116862343733
1.9 500 10.415539569943805
2.0 500 10.96809513794736
2.1 500 11.640790956112012
2.2 500 12.350989133864008
2.3 500 12.674087043281503
2.4 500 13.439865698792506
2.5 500 13.839520244030531
2.6 500 14.320816825756154
2.8 500 15.502230264274298
3.0 500 16.987050335087563
3.5 500 21.566961286270704
4.0 500 26.981587502005855
