0.1 500 6.902520530826976
0.2 500 4.903192385748547
0.3 500 4.478725458807069
0.4 500 4.354031920491403
0.5 500 4.254165814533989
0.6 500 4.077567138254457
0.7 500 3.7646210752609983
0.8 500 3.4146011193508583
0.9 500 3.1400296895038293
1.0 500 2.9557226301409782
1.1 500 2.7100600351496675
1.2 500 2.4832314335712233
1.3 500 2.3107318957303633
1.4 500 2.1968966517484394
1.5 500 2.118223650825132
1.6 500 2.0590930064012016
1.7 500 1.9942327544402265
1.8 500 1.9549505942153997
1.9 500 1.920431094555476
2.0 500 1.9191315754210718
2.1 500 1.9255709126936522
2.2 500 1.9339676145765958
2.3 500 1.9343307649749886
2.4 500 1.9312920506965152
2.5 500 1.9386405265955582
2.6 500 1.9480336977638122
2.8 500 1.9692694300493148
3.0 500 2.059874726701136
3.5 500 2.757357392499494
4.0 500 4.694206061324916
