0.1 400 72.80016409464214
0.2 400 48.05645840438982
0.3 400 45.25281392497416
0.4 400 49.065407442841256
0.5 400 53.957690447388295
0.6 400 57.83084498812283
0.7 400 62.03191216272194
0.8 400 66.64297007644683
0.9 400 70.20483737081554
1.0 400 75.96556007780481
1.1 400 80.54799455174145
1.2 400 85.83248811045793
1.3 400 91.4505496310503
1.4 400 97.65854772953931
1.5 400 100.52159044356593
1.6 400 103.64441878354265
1.7 400 114.99140146382865
1.8 400 132.347693741774
1.9 400 139.99050727720038
2.0 400 140.1769340882088
2.1 400 139.58386482872098
2.2 400 141.99198623504606
2.3 400 153.71172029025414
2.4 400 182.0952202876872
2.5 400 228.46407185166595
2.6 400 275.0588935113081
2.8 400 341.64422699916247
3.0 400 387.20816174418223
3.5 400 491.61176668912174
4.0 400 605.7255233854445
