0.1 300 34.44456276982641
0.2 300 28.11112449703952
0.3 300 22.588376058521135
0.4 300 20.118106070167464
0.5 300 13.202640611576637
0.6 300 9.270225673503068
0.7 300 7.445257363286219
0.8 300 6.606445141262913
0.9 300 6.448732466464485
1.0 300 6.415461496276499
1.1 300 7.35755139671745
1.2 300 7.235043105181236
1.3 300 8.05373972252681
1.4 300 8.511599841933338
1.5 300 8.832440344567113
1.6 300 8.9811578503139
1.7 300 9.142968663355475
1.8 300 9.139960464509494
1.9 300 9.119596743422905
2.0 300 9.113870474808273
2.1 300 9.36985083978946
2.2 300 9.946793569603248
2.3 300 10.447736688871116
2.4 300 10.782940608648442
2.5 300 12.799216735159188
2.6 300 13.347272664863016
2.8 300 14.511170055069604
3.0 300 16.027985398738743
3.5 300 20.222491335978354
4.0 300 27.40207031364237
