0.1 300 10.146888656816195
0.2 300 5.701503558279385
0.3 300 4.5937167285995395
0.4 300 4.415991131218296
0.5 300 3.939789130236318
0.6 300 3.7107252855585307
0.7 300 3.5403579156851266
0.8 300 3.2891954624842192
0.9 300 3.0213845115233062
1.0 300 2.715164023818552
1.1 300 2.455315161539799
1.2 300 2.25781640399832
1.3 300 2.169229272069025
1.4 300 2.136372429134244
1.5 300 2.0960558047540556
1.6 300 2.055365961586917
1.7 300 2.0003355422396667
1.8 300 1.9600382820067093
1.9 300 1.9550088008966218
2.0 300 1.955382669901765
2.1 300 1.9696591658794094
2.2 300 2.003009157231183
2.3 300 2.050359766279736
2.4 300 2.1059313000923257
2.5 300 2.1728968975254412
2.6 300 2.265163355447751
2.8 300 2.523527442588101
3.0 300 2.899830546089304
3.5 300 4.891664188295969
4.0 300 7.688711065477616
