0.1 700 7.673377772674615
0.2 700 4.397265618918213
0.3 700 3.2392370974316744
0.4 700 3.013193788989616
0.5 700 3.058238086259739
0.6 700 3.01290216607983
0.7 700 2.882506317172511
0.8 700 2.697586857441108
0.9 700 2.561163538199703
1.0 700 2.398329475845798
1.1 700 2.289571102243172
1.2 700 2.2181307048413874
1.3 700 2.0795974570392963
1.4 700 1.977328178936682
1.5 700 1.8847294052132972
1.6 700 1.8694183854059698
1.7 700 1.8640656534520506
1.8 700 1.8486877699477626
1.9 700 1.8366837956325102
2.0 700 1.8495201706682192
2.1 700 1.875418877715008
2.2 700 1.8852629194191903
2.3 700 1.8909209079270655
2.4 700 1.9034466963862404
2.5 700 1.9151420058124604
2.6 700 1.9262844381343207
2.8 700 1.9707416080519768
3.0 700 2.022875561276396
3.5 700 2.5487910802365636
4.0 700 3.7092558707757974
