0.1 300 17.080143062584984
0.2 300 6.806721554624452
0.3 300 4.47324112193955
0.4 300 4.336299239201684
0.5 300 4.274316887138848
0.6 300 4.4584781891828245
0.7 300 4.594413808162095
0.8 300 4.7240081771251985
0.9 300 4.903833344372253
1.0 300 5.3508249884715235
1.1 300 5.524022210612182
1.2 300 5.47456323058865
1.3 300 5.799251149244539
1.4 300 6.471727407282386
1.5 300 6.685254171359869
1.6 300 6.871970756283264
1.7 300 7.1563364372469875
1.8 300 7.365897271355774
1.9 300 7.646707358151989
2.0 300 7.874823493368458
2.1 300 8.10901153827295
2.2 300 8.535715204395627
2.3 300 9.004068421561717
2.4 300 9.445391174260854
2.5 300 10.07282830484312
2.6 300 11.491332326139862
2.8 300 12.899297025331872
3.0 300 14.250041288666562
3.5 300 18.73704341612621
4.0 300 25.536755284955806
