0.1 500 28.674932943265194
0.2 500 21.6944320648023
0.3 500 14.11095941844022
0.4 500 8.234880054647197
0.5 500 6.712362547884403
0.6 500 6.804515655343244
0.7 500 8.077967895897148
0.8 500 7.929029695313568
0.9 500 7.729545753605368
1.0 500 8.192536681789818
1.1 500 8.465152141723319
1.2 500 8.444837282558668
1.3 500 8.608316403597088
1.4 500 8.841671889264568
1.5 500 9.047456896169225
1.6 500 9.066609423665332
1.7 500 9.273766106517709
1.8 500 9.181334693384462
1.9 500 9.125206415287506
2.0 500 9.343508799282406
2.1 500 9.742818925455284
2.2 500 10.163053516571868
2.3 500 11.164638787927347
2.4 500 11.50338084585783
2.5 500 11.989007025920472
2.6 500 12.547273600977867
2.8 500 14.290216672239035
3.0 500 16.258539819844167
3.5 500 19.046179499670167
4.0 500 24.029131455268015
