0.1 600 19.941151683479394
0.2 600 12.244332386045725
0.3 600 6.236804235018358
0.4 600 5.532152169359308
0.5 600 6.20326946229578
0.6 600 6.416279252681368
0.7 600 7.104943914523161
0.8 600 7.240030216189881
0.9 600 6.992816667859043
1.0 600 7.541890189457126
1.1 600 8.071278046978987
1.2 600 8.237094926575011
1.3 600 8.406540875905833
1.4 600 8.61235190459531
1.5 600 8.642267934986277
1.6 600 8.67032265935536
1.7 600 8.49435957287626
1.8 600 8.54646744482848
1.9 600 8.587901508120197
2.0 600 8.757853184615588
2.1 600 9.00221814491708
2.2 600 9.3769142773186
2.3 600 9.890971254249743
2.4 600 10.509606609944692
2.5 600 11.315050366489459
2.6 600 11.764739223552326
2.8 600 12.883062970816603
3.0 600 14.542785055979289
3.5 600 18.603599518952592
4.0 600 23.477840350249423
