0.1 400 14.801270184486537
0.2 400 5.143694271519089
0.3 400 4.415258573247297
0.4 400 4.375097523111594
0.5 400 4.459968471466416
0.6 400 4.71587831690583
0.7 400 4.919065087414536
0.8 400 5.192336439266441
0.9 400 5.244621803410422
1.0 400 5.472301941793169
1.1 400 6.006889210411958
1.2 400 6.076695249171278
1.3 400 6.105788253270928
1.4 400 6.286447874236756
1.5 400 7.19920665596779
1.6 400 7.483753336696889
1.7 400 7.504195516068665
1.8 400 7.551424757234009
1.9 400 7.553929483471215
2.0 400 7.798555387045382
2.1 400 8.094702253764861
2.2 400 8.494540016188298
2.3 400 8.949265881903775
2.4 400 10.597995125973627
2.5 400 11.317057669456258
2.6 400 11.740203144167271
2.8 400 13.099090573390717
3.0 400 14.217019835548943
3.5 400 17.97137280945597
4.0 400 23.176427553779614
