0.1 700 29.15331726903465
0.2 700 21.81042928272624
0.3 700 12.07634450296433
0.4 700 8.075438893905707
0.5 700 7.524048250483127
0.6 700 8.688861771131558
0.7 700 8.750917424156675
0.8 700 8.781088921778672
0.9 700 8.958967540174504
1.0 700 8.85571421804837
1.1 700 8.933053760196938
1.2 700 9.09330518735325
1.3 700 9.167683979099566
1.4 700 9.279678114960012
1.5 700 9.16341573171371
1.6 700 9.37084095652184
1.7 700 9.388292754479934
1.8 700 9.443623400403522
1.9 700 9.32151734690434
2.0 700 9.40743166542481
2.1 700 9.668753020111478
2.2 700 9.915491192489277
2.3 700 10.662615819774834
2.4 700 10.87564532567118
2.5 700 11.41704758910597
2.6 700 11.87251335305554
2.8 700 13.425252419313642
3.0 700 15.241757584187889
3.5 700 19.65279880164241
4.0 700 24.13776786562843
