0.1 400 35.2378404337627
0.2 400 27.262338263328044
0.3 400 23.060551023540313
0.4 400 16.195524566057053
0.5 400 10.543216263881876
0.6 400 7.7624681444957675
0.7 400 6.997971038014591
0.8 400 6.894839277161356
0.9 400 7.216534802565307
1.0 400 7.9995136259624555
1.1 400 8.485969508515199
1.2 400 8.735824065161859
1.3 400 8.630226951151949
1.4 400 8.77737067495132
1.5 400 9.006913690230983
1.6 400 9.066092866679016
1.7 400 9.430521180856376
1.8 400 9.572197642512704
1.9 400 9.747290845751646
2.0 400 9.770266032676373
2.1 400 9.85346924023876
2.2 400 10.059647183349195
2.3 400 10.499285088816169
2.4 400 11.023016998335844
2.5 400 13.07867071339796
2.6 400 13.505344324864765
2.8 400 14.53820535404322
3.0 400 15.847892457987456
3.5 400 20.23798106627764
4.0 400 25.05386260749535
