0.1 300 34.105994626859214
0.2 300 27.77092836682646
0.3 300 22.8904352502545
0.4 300 19.02611026053192
0.5 300 14.20009602305691
0.6 300 11.178655367133556
0.7 300 8.618094914219876
0.8 300 8.505199690007826
0.9 300 8.315752920391558
1.0 300 8.202748271483975
1.1 300 8.273316386456118
1.2 300 8.922218585642998
1.3 300 9.04833681742167
1.4 300 9.257502222501028
1.5 300 9.336509758080169
1.6 300 9.457103349026191
1.7 300 9.627078219515464
1.8 300 9.656888630313418
1.9 300 9.562833656069097
2.0 300 9.80434512999123
2.1 300 10.529252377324529
2.2 300 12.276906482782044
2.3 300 13.100232521592963
2.4 300 13.591453440310358
2.5 300 14.160499221975694
2.6 300 14.751015371419767
2.8 300 15.669280092770366
3.0 300 17.04804770724213
3.5 300 22.187474229501778
4.0 300 28.941181205756784
