0.1 700 11.17062558395515
0.2 700 4.740503766961845
0.3 700 4.688448906871965
0.4 700 5.289641828321859
0.5 700 5.933624421591492
0.6 700 6.179961623919955
0.7 700 6.5224458238446354
0.8 700 6.965344595330752
0.9 700 6.994645661927405
1.0 700 7.483380780495405
1.1 700 7.985047021640843
1.2 700 8.145443721222462
1.3 700 8.282608855182813
1.4 700 8.46848003146147
1.5 700 8.696775809012633
1.6 700 8.778892714700332
1.7 700 8.747364433082002
1.8 700 8.729746983106045
1.9 700 8.779846823651049
2.0 700 8.903169701624268
2.1 700 9.156195638525238
2.2 700 9.54130424917492
2.3 700 10.03592348829403
2.4 700 10.61728402563812
2.5 700 11.275661249532822
2.6 700 11.740856476160726
2.8 700 12.792591785825138
3.0 700 14.376217344568627
3.5 700 18.679231273149497
4.0 700 24.431743417075733
