0.1 600 150.78841282090167
0.2 600 58.262963153676
0.3 600 47.54227822884804
0.4 600 48.36977351693167
0.5 600 50.12480319141867
0.6 600 51.115872389423004
0.7 600 53.02541841737821
0.8 600 57.65341452904401
0.9 600 60.84682483742511
1.0 600 64.28559280608357
1.1 600 66.303030697543
1.2 600 69.09309846818381
1.3 600 70.94142656472242
1.4 600 72.32194996720567
1.5 600 76.28184036924638
1.6 600 79.82408504656696
1.7 600 82.12015608570054
1.8 600 84.18448089322594
1.9 600 86.31461521592436
2.0 600 88.77031856609887
2.1 600 92.17244045021705
2.2 600 95.86823207096418
2.3 600 98.06102411021995
2.4 600 99.55695472103538
2.5 600 102.53729819898821
2.6 600 109.03254519962749
2.8 600 128.21807612113437
3.0 600 135.67019558053974
3.5 600 142.05954032268852
4.0 600 248.70230394199078
