0.1 700 8.049682288644052
0.2 700 4.385174631798512
0.3 700 3.3338416576729024
0.4 700 3.1965546645378287
0.5 700 3.2683532365676142
0.6 700 3.1883107913918516
0.7 700 3.0708985960483806
0.8 700 2.9022676453389304
0.9 700 2.784198957241238
1.0 700 2.5845403560641698
1.1 700 2.508785683012302
1.2 700 2.38136218440989
1.3 700 2.2442861216155574
1.4 700 2.106581159427819
1.5 700 2.0200888435637747
1.6 700 1.9875238668179531
1.7 700 1.9681276619045007
1.8 700 1.952597991545523
1.9 700 1.9412833762542818
2.0 700 1.9377158723116945
2.1 700 1.9386155281304465
2.2 700 1.9415770968176953
2.3 700 1.940839999032946
2.4 700 1.9375716699376948
2.5 700 1.9380258680645168
2.6 700 1.9491890822978821
2.8 700 1.978458974085956
3.0 700 2.040685524668814
3.5 700 2.4609346758795128
4.0 700 3.4937830811705592
