0.2 0.0 9.704214096069336
0.2 0.1 16.136064529418945
0.2 0.2 19.128684997558594
0.2 0.3 22.545047760009766
0.2 0.4 27.997100830078125
0.25 0.0 8.990339279174805
0.25 0.1 9.931248664855957
0.25 0.2 16.117448806762695
0.25 0.3 18.779951095581055
0.25 0.4 23.908315658569336
0.3 0.0 10.370987892150879
0.3 0.1 10.640942573547363
0.3 0.2 11.891214370727539
0.3 0.3 13.488175392150879
0.3 0.4 17.59282112121582
0.35 0.0 10.495849609375
0.35 0.1 9.801531791687012
0.35 0.2 10.191399574279785
0.35 0.3 11.938661575317383
0.35 0.4 16.387422561645508
0.4 0.0 11.30927848815918
0.4 0.1 9.816055297851562
0.4 0.2 9.347026824951172
0.4 0.3 10.334761619567871
0.4 0.4 13.581231117248535
0.45 0.0 11.92860221862793
0.45 0.1 10.437093734741211
0.45 0.2 9.354283332824707
0.45 0.3 9.639341354370117
0.45 0.4 11.940993309020996
0.5 0.0 11.899311065673828
0.5 0.1 10.979156494140625
0.5 0.2 9.609101295471191
0.5 0.3 9.535811424255371
0.5 0.4 10.828104019165039
0.55 0.0 11.499298095703125
0.55 0.1 11.339437484741211
0.55 0.2 10.055363655090332
0.55 0.3 9.415814399719238
0.55 0.4 10.538047790527344
0.6 0.0 11.247509956359863
0.6 0.1 11.312276840209961
0.6 0.2 10.672240257263184
0.6 0.3 9.548039436340332
0.6 0.4 10.542972564697266
0.65 0.0 11.434730529785156
0.65 0.1 11.188575744628906
0.65 0.2 11.25222110748291
0.65 0.3 10.015646934509277
0.65 0.4 10.493816375732422
0.7 0.0 11.384562492370605
0.7 0.1 11.204134941101074
0.7 0.2 11.537128448486328
0.7 0.3 10.61568546295166
0.7 0.4 10.40453052520752
