0.8 0.0 11.488703727722168
0.8 0.1 12.135782241821289
0.8 0.2 13.768515586853027
0.8 0.3 17.330997467041016
0.8 0.4 21.05924415588379
1.0 0.0 10.800235748291016
1.0 0.1 10.082268714904785
1.0 0.2 10.610505104064941
1.0 0.3 13.01944637298584
1.0 0.4 17.480205535888672
1.2 0.0 12.293355941772461
1.2 0.1 10.780320167541504
1.2 0.2 10.110027313232422
1.2 0.3 10.674917221069336
1.2 0.4 13.82752513885498
1.4 0.0 13.47988224029541
1.4 0.1 12.5181303024292
1.4 0.2 10.938570976257324
1.4 0.3 10.939818382263184
1.4 0.4 12.28754711151123
1.6 0.0 14.945362091064453
1.6 0.1 14.166929244995117
1.6 0.2 12.682494163513184
1.6 0.3 11.351883888244629
1.6 0.4 12.164916038513184
1.8 0.0 17.278898239135742
1.8 0.1 15.816577911376953
1.8 0.2 14.597899436950684
1.8 0.3 12.897828102111816
1.8 0.4 12.379409790039062
2.0 0.0 20.013063430786133
2.0 0.1 18.159421920776367
2.0 0.2 16.983766555786133
2.0 0.3 14.863249778747559
2.0 0.4 13.903306007385254
