0.1 500 6.50104315602136
0.2 500 3.821765744659991
0.3 500 3.1941490473379903
0.4 500 3.016911122074616
0.5 500 2.896585001619215
0.6 500 2.6748425265168283
0.7 500 2.3922782747381834
0.8 500 2.1508825604879784
0.9 500 1.942881760835434
1.0 500 1.833298982668595
1.1 500 1.7396152016334259
1.2 500 1.6302278504577719
1.3 500 1.5448090078938015
1.4 500 1.504847199534064
1.5 500 1.5132560631894494
1.6 500 1.5435093476698432
1.7 500 1.5863816111379656
1.8 500 1.6434461594777017
1.9 500 1.7129489153926976
2.0 500 1.7286074523645862
2.1 500 1.732314487866462
2.2 500 1.729926805207832
2.3 500 1.7517689191693493
2.4 500 1.8325995232591832
2.5 500 1.9499604038004545
2.6 500 2.073368261405127
2.8 500 2.2695596732167336
3.0 500 2.457682367031856
