0.1 700 8.283382943207767
0.2 700 5.23602423257963
0.3 700 4.8940533247500735
0.4 700 5.380216590095285
0.5 700 5.513132873599642
0.6 700 5.891443809103565
0.7 700 6.225128579465912
0.8 700 6.311449012670744
0.9 700 6.449840221208404
1.0 700 6.727007918391807
1.1 700 6.921256807460962
1.2 700 7.323342842382272
1.3 700 7.946595146716155
1.4 700 8.340554869886473
1.5 700 8.662642925533731
1.6 700 8.972107144284786
1.7 700 9.477482236783832
1.8 700 9.69391645758734
1.9 700 9.973141434618498
2.0 700 10.561759889588247
2.1 700 11.081168179026648
2.2 700 11.740697161734666
2.3 700 12.141219159965445
2.4 700 12.269396597783318
2.5 700 12.33902042370415
2.6 700 13.782395340390188
2.8 700 14.160324774517443
