0.1 600 7.5137915355618174
0.2 600 4.622112374919125
0.3 600 4.5532564009846155
0.4 600 5.26233872801023
0.5 600 5.443666371305174
0.6 600 5.568851827940811
0.7 600 5.909037120993312
0.8 600 6.005473795588215
0.9 600 6.1951190394677615
1.0 600 6.5021381145192
1.1 600 6.767252517631792
1.2 600 7.142186793205244
1.3 600 7.668274613966923
1.4 600 8.034995865339598
1.5 600 8.418658145868209
1.6 600 8.94174132257909
1.7 600 9.382003600240811
1.8 600 9.621588177324986
1.9 600 9.950821039310153
2.0 600 10.475661604710224
2.1 600 10.785314055844719
2.2 600 11.14358333902397
2.3 600 11.35654146931061
2.4 600 12.174200455928686
2.5 600 12.347989855441385
2.6 600 13.767097491799792
2.8 600 14.590087365497567
