0.1 700 7.238166067459171
0.2 700 5.369612482672714
0.3 700 4.929970973332184
0.4 700 5.3909902875344295
0.5 700 5.516429813667509
0.6 700 5.968455135640492
0.7 700 6.257090970346846
0.8 700 6.329948813495385
0.9 700 6.4577351160777186
1.0 700 6.732280646893426
1.1 700 6.922588496484767
1.2 700 7.324088326909159
1.3 700 7.947258057651063
1.4 700 8.341986936541852
1.5 700 8.664281133694292
1.6 700 8.973168421333057
1.7 700 9.478368029870971
1.8 700 9.694423515329957
1.9 700 9.973337504835078
2.0 700 10.561867116776067
2.1 700 11.081207392061073
2.2 700 11.740694738959514
2.3 700 12.141197853050217
2.4 700 12.269366641053555
2.5 700 12.3389908340995
2.6 700 13.782321473426366
2.8 700 14.160324348484787
