0.1 300 14.115177009615044
0.2 300 7.016913883463454
0.3 300 4.199725435840236
0.4 300 4.267798547649926
0.5 300 4.328385706526092
0.6 300 4.566060572659853
0.7 300 5.01745165439673
0.8 300 5.216573211913451
0.9 300 5.461381486845423
1.0 300 5.726522568933354
1.1 300 6.081968788445854
1.2 300 6.620806380092523
1.3 300 7.010981228194907
1.4 300 7.476603369477087
1.5 300 7.962595755208143
1.6 300 8.631761613282002
1.7 300 9.705257794774267
1.8 300 10.279147322529212
1.9 300 10.516828905537704
2.0 300 10.555207865387404
2.1 300 10.946954524986424
2.2 300 10.974217539619364
2.3 300 11.284289016978772
2.4 300 11.720438696290907
2.5 300 12.150398927972654
2.6 300 12.714446680908935
2.8 300 14.337143473685849
