0.1 600 11.429159734897684
0.2 600 9.71682293306655
0.3 600 5.3898602070493125
0.4 600 5.71479634162188
0.5 600 5.626072806402608
0.6 600 5.668408194400253
0.7 600 6.068524475583068
0.8 600 6.149216132965694
0.9 600 6.29217907552212
1.0 600 6.612575337380245
1.1 600 6.82505085294511
1.2 600 7.172584794023318
1.3 600 7.69552183511385
1.4 600 8.078911595890826
1.5 600 8.460009563626521
1.6 600 8.981940721888611
1.7 600 9.40950601149158
1.8 600 9.645690632994928
1.9 600 9.968763049616214
2.0 600 10.483987069525275
2.1 600 10.78900848184452
2.2 600 11.144420247006686
2.3 600 11.35525118380454
2.4 600 12.166892103826418
2.5 600 12.338377317900218
2.6 600 13.750766000812387
2.8 600 14.59158880261497
