0.1 400 9.36464597608288
0.2 400 6.704290670160379
0.3 400 4.3170301691944015
0.4 400 4.342582728065955
0.5 400 5.035500923455082
0.6 400 5.02990025247055
0.7 400 5.213146457364255
0.8 400 5.379192503640965
0.9 400 5.3348994609604095
1.0 400 5.685085036416716
1.1 400 6.049613826191738
1.2 400 6.273687576861878
1.3 400 6.750590540032541
1.4 400 7.190093644627216
1.5 400 7.820769613222803
1.6 400 8.410737851199412
1.7 400 8.780355596053123
1.8 400 9.178360157706907
1.9 400 9.672111117987335
2.0 400 10.14814962133664
2.1 400 10.578226523565144
2.2 400 10.495847737272369
2.3 400 10.899620579358437
2.4 400 11.745239085274438
2.5 400 12.28857904386176
2.6 400 12.687201720281719
2.8 400 13.904704845060042
