0.1 700 11.524982903804059
0.2 700 9.551183842590204
0.3 700 5.553917900912316
0.4 700 5.628033315420258
0.5 700 5.56203272390866
0.6 700 6.006807967509008
0.7 700 6.3937960824406534
0.8 700 6.482291918424728
0.9 700 6.527475698546023
1.0 700 6.7919141715222455
1.1 700 7.053539087227686
1.2 700 7.393548613097824
1.3 700 8.026684778797268
1.4 700 8.42226506529952
1.5 700 8.755791381902164
1.6 700 9.03476419329489
1.7 700 9.531171918163338
1.8 700 9.737144681392078
1.9 700 9.998486217634479
2.0 700 10.582981693437146
2.1 700 11.09504187576826
2.2 700 11.747274264803323
2.3 700 12.14655644387214
2.4 700 12.276014045707601
2.5 700 12.34522826603788
2.6 700 13.778025711747834
2.8 700 14.16048350869518
