0.1 600 7.097349738754646
0.2 600 5.697477959632578
0.3 600 4.643797037988116
0.4 600 5.365289597881254
0.5 600 5.479073113737302
0.6 600 5.581555802572282
0.7 600 5.929644331930469
0.8 600 6.020462287701601
0.9 600 6.203117547283117
1.0 600 6.506155459860292
1.1 600 6.768609352515786
1.2 600 7.142068458255845
1.3 600 7.668158893528726
1.4 600 8.035516000254493
1.5 600 8.419573138884106
1.6 600 8.94266401281329
1.7 600 9.382421428005516
1.8 600 9.621780026320636
1.9 600 9.950884865329694
2.0 600 10.475649017721645
2.1 600 10.785284017665248
2.2 600 11.14353761995877
2.3 600 11.356500378671104
2.4 600 12.174141562198384
2.5 600 12.347958051015839
2.6 600 13.7670622719508
2.8 600 14.590089070970574
