0.1 700 7.555462782628679
0.2 700 4.6970597489879475
0.3 700 4.904206165958205
0.4 700 5.3402526951862335
0.5 700 5.5000597635791975
0.6 700 5.9485823121450245
0.7 700 6.227646361581947
0.8 700 6.313139110718311
0.9 700 6.45018851912548
1.0 700 6.72717770682798
1.1 700 6.921170885966965
1.2 700 7.323281627342502
1.3 700 7.946557592002684
1.4 700 8.340581518696196
1.5 700 8.662676260065085
1.6 700 8.97212408170205
1.7 700 9.4774925637869
1.8 700 9.693920031010462
1.9 700 9.973142150712746
2.0 700 10.56176010358327
2.1 700 11.08116820850541
2.2 700 11.740697010987565
2.3 700 12.141218510825828
2.4 700 12.269396764481616
2.5 700 12.33902012707481
2.6 700 13.782394782038859
2.8 700 14.160324818485744
