0.1 400 8.649160341895078
0.2 400 4.589932085790453
0.3 400 4.274179274670615
0.4 400 4.27515808853142
0.5 400 4.981442334628088
0.6 400 5.012795460555763
0.7 400 5.197547862719354
0.8 400 5.382228123966245
0.9 400 5.340457239047953
1.0 400 5.684549144166935
1.1 400 6.046848088694947
1.2 400 6.272376962986185
1.3 400 6.74966728609928
1.4 400 7.189532891848154
1.5 400 7.820695556810803
1.6 400 8.410688368741987
1.7 400 8.780210011216868
1.8 400 9.178246394933154
1.9 400 9.672089042306549
2.0 400 10.14818612375397
2.1 400 10.578283466921064
2.2 400 10.495891392669867
2.3 400 10.899655203342666
2.4 400 11.745232136355432
2.5 400 12.288571754600579
2.6 400 12.687195912978007
2.8 400 13.904699434192905
