0.1 500 4.842680261569034
0.2 500 2.7212880298062854
0.3 500 2.2043334441539666
0.4 500 2.00717212090442
0.5 500 1.8778900958472504
0.6 500 1.7058442608706628
0.7 500 1.5047761725870492
0.8 500 1.3542416073166024
0.9 500 1.1963394769019433
1.0 500 1.1094892718420124
1.1 500 1.0381892862020359
1.2 500 0.9676588262034748
1.3 500 0.9089540001039095
1.4 500 0.8760755059837647
1.5 500 0.863667023025173
1.6 500 0.8679601067504664
1.7 500 0.8735460612354328
1.8 500 0.8824970601799832
1.9 500 0.8917622672898396
2.0 500 0.9147550787020992
2.1 500 0.9416538971414083
2.2 500 0.9825680698379401
2.3 500 1.0387340555382942
2.4 500 1.120880166207451
2.5 500 1.2155026837203295
2.6 500 1.2989366598324668
2.8 500 1.4632382700654962
3.0 500 1.6410967011058928
