0.1 300 8.891914783802665
0.2 300 3.5365299819969658
0.3 300 3.221866181532794
0.4 300 2.769480942776652
0.5 300 2.9601855667185775
0.6 300 3.072635550679297
0.7 300 3.5350546606536555
0.8 300 3.762038240584851
0.9 300 3.95833635210586
1.0 300 4.080432806801117
1.1 300 4.243996236790227
1.2 300 4.46780839035178
1.3 300 4.89976539141035
1.4 300 5.189031195784032
1.5 300 5.4010124206742764
1.6 300 5.562033885725432
1.7 300 5.709505591313216
1.8 300 6.060975098750921
1.9 300 6.31684129867057
2.0 300 6.643895399700101
2.1 300 6.965516465335652
2.2 300 8.238180825863848
2.3 300 8.595692309500482
2.4 300 9.129939445934342
2.5 300 9.541919976278736
2.6 300 10.021174510386652
2.8 300 11.067515700634837
