0.1 600 5.3510192652006845
0.2 600 2.708550402188106
0.3 600 3.0719547436125496
0.4 600 3.4518909491264065
0.5 600 3.5607427459713037
0.6 600 3.7055671527273772
0.7 600 3.7939076407204304
0.8 600 3.8844778578444674
0.9 600 4.082802969508172
1.0 600 4.258052799669796
1.1 600 4.438616502784644
1.2 600 4.677347783303594
1.3 600 4.95477009353492
1.4 600 5.128433050558149
1.5 600 5.384818117750314
1.6 600 5.697515478851067
1.7 600 5.987435017057894
1.8 600 6.144834355890056
1.9 600 6.452970787432252
2.0 600 6.648456643475038
2.1 600 6.917368458125864
2.2 600 7.149323145521048
2.3 600 7.404600746546108
2.4 600 7.700360235310287
2.5 600 8.053335941861311
2.6 600 8.46075748493621
2.8 600 11.08426092983357
