0.1 600 5.79375657032308
0.2 600 4.423357182014089
0.3 600 3.3876471927103653
0.4 600 3.520185194016678
0.5 600 3.6914607941380453
0.6 600 3.734612550178019
0.7 600 3.8411525560796
0.8 600 3.9339633519054185
0.9 600 4.107440463371397
1.0 600 4.278725575099546
1.1 600 4.450351730006544
1.2 600 4.688033262269321
1.3 600 4.9612668815668695
1.4 600 5.139687634306869
1.5 600 5.393716460954758
1.6 600 5.706824980254311
1.7 600 5.99723837702562
1.8 600 6.152639831853335
1.9 600 6.457829537817444
2.0 600 6.652643874773574
2.1 600 6.920649184806669
2.2 600 7.151664797404024
2.3 600 7.40644904389714
2.4 600 7.701035969534019
2.5 600 8.053352071911894
2.6 600 8.46002888795087
2.8 600 11.085630666065434
