0.1 700 4.03513101325558
0.2 700 2.390870846357422
0.3 700 1.9260717820483457
0.4 700 1.8491608649843856
0.5 700 1.7702016456282077
0.6 700 1.6493260537637682
0.7 700 1.5107879077632296
0.8 700 1.3460351193321294
0.9 700 1.2269027247813629
1.0 700 1.098490206156719
1.1 700 1.013121269669755
1.2 700 0.9660426865342779
1.3 700 0.9231433512786789
1.4 700 0.8777343231214072
1.5 700 0.8511476105302681
1.6 700 0.8353402144099346
1.7 700 0.8253235799717477
1.8 700 0.8247247712064527
1.9 700 0.8329350340945639
2.0 700 0.8430183913750916
2.1 700 0.8523015574918064
2.2 700 0.8798865040090859
2.3 700 0.9160805786719538
2.4 700 0.9543532426844867
2.5 700 0.9942324234813968
2.6 700 1.0537944196189455
2.8 700 1.2158381530238076
3.0 700 1.3678220768845457
