0.1 500 4.386640870723044
0.2 500 2.6660649032055153
0.3 500 2.8370167327449534
0.4 500 3.0796030417642433
0.5 500 3.415530218991098
0.6 500 3.4736022199087455
0.7 500 3.624052487648063
0.8 500 3.783694143763252
0.9 500 3.8787023531714078
1.0 500 4.161412058982649
1.1 500 4.30393636099964
1.2 500 4.510213651910444
1.3 500 4.752519883485613
1.4 500 5.065335292539887
1.5 500 5.304991177930111
1.6 500 5.567236694906078
1.7 500 5.888131638442959
1.8 500 6.181921379385712
1.9 500 6.388968840080783
2.0 500 6.708116841922616
2.1 500 6.946412334032928
2.2 500 7.195818089537912
2.3 500 7.4069876428177235
2.4 500 7.72547679887198
2.5 500 9.5307453771494
2.6 500 10.138178503809709
2.8 500 11.04921005569031
