0.1 500 4.177951967620582
0.2 500 3.1666595783033773
0.3 500 2.927946190740584
0.4 500 3.0315812977276657
0.5 500 3.413012958894189
0.6 500 3.481057277928696
0.7 500 3.62559900467431
0.8 500 3.7866423884383584
0.9 500 3.8788669515933214
1.0 500 4.160899460365825
1.1 500 4.30371620325388
1.2 500 4.510256654908722
1.3 500 4.753016466129673
1.4 500 5.065857693859703
1.5 500 5.305423236742696
1.6 500 5.567489832893185
1.7 500 5.888223781822111
1.8 500 6.181964858071144
1.9 500 6.388984996461779
2.0 500 6.708129363038679
2.1 500 6.946419731138845
2.2 500 7.1958232768556405
2.3 500 7.406987308852899
2.4 500 7.725477684373484
2.5 500 9.53074770613384
2.6 500 10.138182780811775
2.8 500 11.049211870063147
