0.1 300 10.930761862988158
0.2 300 3.613095508818922
0.3 300 2.709454038010561
0.4 300 2.689532980397129
0.5 300 2.9089211361658234
0.6 300 2.9996663724157444
0.7 300 3.429597489274076
0.8 300 3.7365461367627244
0.9 300 3.9369917014447418
1.0 300 4.058688828387509
1.1 300 4.17453241779601
1.2 300 4.451256043535872
1.3 300 4.891882587426229
1.4 300 5.181557961404349
1.5 300 5.395001910255804
1.6 300 5.558168786766313
1.7 300 5.705476482108693
1.8 300 6.05884742711428
1.9 300 6.317573356523393
2.0 300 6.645041361180316
2.1 300 6.96685927309046
2.2 300 8.23456803271878
2.3 300 8.59264915732458
2.4 300 9.128560228414917
2.5 300 9.541071604571833
2.6 300 10.020523617033726
2.8 300 11.066973379235984
