0.1 700 3.625482795195534
0.2 700 2.9606388674542687
0.3 700 3.131713308330947
0.4 700 3.624454401429739
0.5 700 3.673087132974837
0.6 700 3.832336029695816
0.7 700 3.913512763335206
0.8 700 4.018007724268722
0.9 700 4.24918907733027
1.0 700 4.327477553973026
1.1 700 4.541557259354111
1.2 700 4.760150675548728
1.3 700 4.98566671885761
1.4 700 5.183953912095775
1.5 700 5.3955442571346826
1.6 700 5.647807588449148
1.7 700 5.976083375710688
1.8 700 6.1276513379845925
1.9 700 6.406761692222128
2.0 700 6.607669466084212
2.1 700 6.903027972742079
2.2 700 7.112740634016307
2.3 700 7.354120364645605
2.4 700 7.6314125010421705
2.5 700 8.014229868071714
2.6 700 8.420682744907436
2.8 700 10.616633312649439
