0.1 500 6.183758207645882
0.2 500 4.411763697519192
0.3 500 3.166953437924466
0.4 500 3.086963635122091
0.5 500 3.4477773548397455
0.6 500 3.5326625539689993
0.7 500 3.6499872659212524
0.8 500 3.817592791887568
0.9 500 3.8973431685705036
1.0 500 4.1594563857549405
1.1 500 4.298586463122778
1.2 500 4.506656232818339
1.3 500 4.861764755018405
1.4 500 5.080409031564032
1.5 500 5.31861537576377
1.6 500 5.57858802619221
1.7 500 5.896206874995354
1.8 500 6.188452431330799
1.9 500 6.39266649333424
2.0 500 6.711672629297813
2.1 500 6.9487971026442645
2.2 500 7.197256091498428
2.3 500 7.40719437041186
2.4 500 7.726013638236967
2.5 500 9.532398640766708
2.6 500 10.140308562143433
2.8 500 11.050403896462223
