0.1 700 5.638256755646744
0.2 700 4.2561048934001136
0.3 700 3.373426040281143
0.4 700 3.6830440780511853
0.5 700 3.696247145879377
0.6 700 3.872942145178702
0.7 700 3.9546102428155208
0.8 700 4.050551089649536
0.9 700 4.27041848392646
1.0 700 4.400961797485557
1.1 700 4.530660037039332
1.2 700 4.7761225164199095
1.3 700 5.005192463708445
1.4 700 5.2011128227369445
1.5 700 5.40966059619281
1.6 700 5.659957844331926
1.7 700 5.988891321883843
1.8 700 6.140219764960882
1.9 700 6.4169936230280875
2.0 700 6.612790008923381
2.1 700 6.9066506985202
2.2 700 7.116031481213482
2.3 700 7.356899181613673
2.4 700 7.634333335941119
2.5 700 8.016305899547973
2.6 700 8.424075467096863
2.8 700 10.617369519717405
